22
1
1
1
10
1
4999
2
1 2
2
2 1
5
1 2 3 4 5
5
3 4 2 1 5
5
5 1 2 4 3
2
1 4999
2
4999 1
5
0 500 4999 499 498
2
4 3
5
8 7 6 5 9
2000
4999 4998 4997 4996 4995 4994 4993 4992 4991 4990 4989 4988 4987 4986 4985 4984 4983 4982 4981 4980 4979 4978 4977 4976 4975 4974 4973 4972 4971 4970 4969 4968 4967 4966 4965 4964 4963 4962 4961 4960 4959 4958 4957 4956 4955 4954 4953 4952 4951 4950 4949 4948 4947 4946 4945 4944 4943 4942 4941 4940 4939 4938 4937 4936 4935 4934 4933 4932 4931 4930 4929 4928 4927 4926 4925 4924 4923 4922 4921 4920 4919 4918 4917 4916 4915 4914 4913 4912 4911 4910 4909 4908 4907 4906 4905 4904 4903 4902 4901 4900 4899 4898 4897 4896 4895 4894 4893 4892 4891 4890 4889 4888 4887 4886 4885 4884 4883 4882 4881 4880 4879 4878 4877 4876 4875 4874 4873 4872 4871 4870 4869 4868 4867 4866 4865 4864 4863 4862 4861 4860 4859 4858 4857 4856 4855 4854 4853 4852 4851 4850 4849 4848 4847 4846 4845 4844 4843 4842 4841 4840 4839 4838 4837 4836 4835 4834 4833 4832 4831 4830 4829 4828 4827 4826 4825 4824 4823 4822 4821 4820 4819 4818 4817 4816 4815 4814 4813 4812 4811 4810 4809 4808 4807 4806 4805 4804 4803 4802 4801 4800 4799 4798 4797 4796 4795 4794 4793 4792 4791 4790 4789 4788 4787 4786 4785 4784 4783 4782 4781 4780 4779 4778 4777 4776 4775 4774 4773 4772 4771 4770 4769 4768 4767 4766 4765 4764 4763 4762 4761 4760 4759 4758 4757 4756 4755 4754 4753 4752 4751 4750 4749 4748 4747 4746 4745 4744 4743 4742 4741 4740 4739 4738 4737 4736 4735 4734 4733 4732 4731 4730 4729 4728 4727 4726 4725 4724 4723 4722 4721 4720 4719 4718 4717 4716 4715 4714 4713 4712 4711 4710 4709 4708 4707 4706 4705 4704 4703 4702 4701 4700 4699 4698 4697 4696 4695 4694 4693 4692 4691 4690 4689 4688 4687 4686 4685 4684 4683 4682 4681 4680 4679 4678 4677 4676 4675 4674 4673 4672 4671 4670 4669 4668 4667 4666 4665 4664 4663 4662 4661 4660 4659 4658 4657 4656 4655 4654 4653 4652 4651 4650 4649 4648 4647 4646 4645 4644 4643 4642 4641 4640 4639 4638 4637 4636 4635 4634 4633 4632 4631 4630 4629 4628 4627 4626 4625 4624 4623 4622 4621 4620 4619 4618 4617 4616 4615 4614 4613 4612 4611 4610 4609 4608 4607 4606 4605 4604 4603 4602 4601 4600 4599 4598 4597 4596 4595 4594 4593 4592 4591 4590 4589 4588 4587 4586 4585 4584 4583 4582 4581 4580 4579 4578 4577 4576 4575 4574 4573 4572 4571 4570 4569 4568 4567 4566 4565 4564 4563 4562 4561 4560 4559 4558 4557 4556 4555 4554 4553 4552 4551 4550 4549 4548 4547 4546 4545 4544 4543 4542 4541 4540 4539 4538 4537 4536 4535 4534 4533 4532 4531 4530 4529 4528 4527 4526 4525 4524 4523 4522 4521 4520 4519 4518 4517 4516 4515 4514 4513 4512 4511 4510 4509 4508 4507 4506 4505 4504 4503 4502 4501 4500 4499 4498 4497 4496 4495 4494 4493 4492 4491 4490 4489 4488 4487 4486 4485 4484 4483 4482 4481 4480 4479 4478 4477 4476 4475 4474 4473 4472 4471 4470 4469 4468 4467 4466 4465 4464 4463 4462 4461 4460 4459 4458 4457 4456 4455 4454 4453 4452 4451 4450 4449 4448 4447 4446 4445 4444 4443 4442 4441 4440 4439 4438 4437 4436 4435 4434 4433 4432 4431 4430 4429 4428 4427 4426 4425 4424 4423 4422 4421 4420 4419 4418 4417 4416 4415 4414 4413 4412 4411 4410 4409 4408 4407 4406 4405 4404 4403 4402 4401 4400 4399 4398 4397 4396 4395 4394 4393 4392 4391 4390 4389 4388 4387 4386 4385 4384 4383 4382 4381 4380 4379 4378 4377 4376 4375 4374 4373 4372 4371 4370 4369 4368 4367 4366 4365 4364 4363 4362 4361 4360 4359 4358 4357 4356 4355 4354 4353 4352 4351 4350 4349 4348 4347 4346 4345 4344 4343 4342 4341 4340 4339 4338 4337 4336 4335 4334 4333 4332 4331 4330 4329 4328 4327 4326 4325 4324 4323 4322 4321 4320 4319 4318 4317 4316 4315 4314 4313 4312 4311 4310 4309 4308 4307 4306 4305 4304 4303 4302 4301 4300 4299 4298 4297 4296 4295 4294 4293 4292 4291 4290 4289 4288 4287 4286 4285 4284 4283 4282 4281 4280 4279 4278 4277 4276 4275 4274 4273 4272 4271 4270 4269 4268 4267 4266 4265 4264 4263 4262 4261 4260 4259 4258 4257 4256 4255 4254 4253 4252 4251 4250 4249 4248 4247 4246 4245 4244 4243 4242 4241 4240 4239 4238 4237 4236 4235 4234 4233 4232 4231 4230 4229 4228 4227 4226 4225 4224 4223 4222 4221 4220 4219 4218 4217 4216 4215 4214 4213 4212 4211 4210 4209 4208 4207 4206 4205 4204 4203 4202 4201 4200 4199 4198 4197 4196 4195 4194 4193 4192 4191 4190 4189 4188 4187 4186 4185 4184 4183 4182 4181 4180 4179 4178 4177 4176 4175 4174 4173 4172 4171 4170 4169 4168 4167 4166 4165 4164 4163 4162 4161 4160 4159 4158 4157 4156 4155 4154 4153 4152 4151 4150 4149 4148 4147 4146 4145 4144 4143 4142 4141 4140 4139 4138 4137 4136 4135 4134 4133 4132 4131 4130 4129 4128 4127 4126 4125 4124 4123 4122 4121 4120 4119 4118 4117 4116 4115 4114 4113 4112 4111 4110 4109 4108 4107 4106 4105 4104 4103 4102 4101 4100 4099 4098 4097 4096 4095 4094 4093 4092 4091 4090 4089 4088 4087 4086 4085 4084 4083 4082 4081 4080 4079 4078 4077 4076 4075 4074 4073 4072 4071 4070 4069 4068 4067 4066 4065 4064 4063 4062 4061 4060 4059 4058 4057 4056 4055 4054 4053 4052 4051 4050 4049 4048 4047 4046 4045 4044 4043 4042 4041 4040 4039 4038 4037 4036 4035 4034 4033 4032 4031 4030 4029 4028 4027 4026 4025 4024 4023 4022 4021 4020 4019 4018 4017 4016 4015 4014 4013 4012 4011 4010 4009 4008 4007 4006 4005 4004 4003 4002 4001 4000 3999 3998 3997 3996 3995 3994 3993 3992 3991 3990 3989 3988 3987 3986 3985 3984 3983 3982 3981 3980 3979 3978 3977 3976 3975 3974 3973 3972 3971 3970 3969 3968 3967 3966 3965 3964 3963 3962 3961 3960 3959 3958 3957 3956 3955 3954 3953 3952 3951 3950 3949 3948 3947 3946 3945 3944 3943 3942 3941 3940 3939 3938 3937 3936 3935 3934 3933 3932 3931 3930 3929 3928 3927 3926 3925 3924 3923 3922 3921 3920 3919 3918 3917 3916 3915 3914 3913 3912 3911 3910 3909 3908 3907 3906 3905 3904 3903 3902 3901 3900 3899 3898 3897 3896 3895 3894 3893 3892 3891 3890 3889 3888 3887 3886 3885 3884 3883 3882 3881 3880 3879 3878 3877 3876 3875 3874 3873 3872 3871 3870 3869 3868 3867 3866 3865 3864 3863 3862 3861 3860 3859 3858 3857 3856 3855 3854 3853 3852 3851 3850 3849 3848 3847 3846 3845 3844 3843 3842 3841 3840 3839 3838 3837 3836 3835 3834 3833 3832 3831 3830 3829 3828 3827 3826 3825 3824 3823 3822 3821 3820 3819 3818 3817 3816 3815 3814 3813 3812 3811 3810 3809 3808 3807 3806 3805 3804 3803 3802 3801 3800 3799 3798 3797 3796 3795 3794 3793 3792 3791 3790 3789 3788 3787 3786 3785 3784 3783 3782 3781 3780 3779 3778 3777 3776 3775 3774 3773 3772 3771 3770 3769 3768 3767 3766 3765 3764 3763 3762 3761 3760 3759 3758 3757 3756 3755 3754 3753 3752 3751 3750 3749 3748 3747 3746 3745 3744 3743 3742 3741 3740 3739 3738 3737 3736 3735 3734 3733 3732 3731 3730 3729 3728 3727 3726 3725 3724 3723 3722 3721 3720 3719 3718 3717 3716 3715 3714 3713 3712 3711 3710 3709 3708 3707 3706 3705 3704 3703 3702 3701 3700 3699 3698 3697 3696 3695 3694 3693 3692 3691 3690 3689 3688 3687 3686 3685 3684 3683 3682 3681 3680 3679 3678 3677 3676 3675 3674 3673 3672 3671 3670 3669 3668 3667 3666 3665 3664 3663 3662 3661 3660 3659 3658 3657 3656 3655 3654 3653 3652 3651 3650 3649 3648 3647 3646 3645 3644 3643 3642 3641 3640 3639 3638 3637 3636 3635 3634 3633 3632 3631 3630 3629 3628 3627 3626 3625 3624 3623 3622 3621 3620 3619 3618 3617 3616 3615 3614 3613 3612 3611 3610 3609 3608 3607 3606 3605 3604 3603 3602 3601 3600 3599 3598 3597 3596 3595 3594 3593 3592 3591 3590 3589 3588 3587 3586 3585 3584 3583 3582 3581 3580 3579 3578 3577 3576 3575 3574 3573 3572 3571 3570 3569 3568 3567 3566 3565 3564 3563 3562 3561 3560 3559 3558 3557 3556 3555 3554 3553 3552 3551 3550 3549 3548 3547 3546 3545 3544 3543 3542 3541 3540 3539 3538 3537 3536 3535 3534 3533 3532 3531 3530 3529 3528 3527 3526 3525 3524 3523 3522 3521 3520 3519 3518 3517 3516 3515 3514 3513 3512 3511 3510 3509 3508 3507 3506 3505 3504 3503 3502 3501 3500 3499 3498 3497 3496 3495 3494 3493 3492 3491 3490 3489 3488 3487 3486 3485 3484 3483 3482 3481 3480 3479 3478 3477 3476 3475 3474 3473 3472 3471 3470 3469 3468 3467 3466 3465 3464 3463 3462 3461 3460 3459 3458 3457 3456 3455 3454 3453 3452 3451 3450 3449 3448 3447 3446 3445 3444 3443 3442 3441 3440 3439 3438 3437 3436 3435 3434 3433 3432 3431 3430 3429 3428 3427 3426 3425 3424 3423 3422 3421 3420 3419 3418 3417 3416 3415 3414 3413 3412 3411 3410 3409 3408 3407 3406 3405 3404 3403 3402 3401 3400 3399 3398 3397 3396 3395 3394 3393 3392 3391 3390 3389 3388 3387 3386 3385 3384 3383 3382 3381 3380 3379 3378 3377 3376 3375 3374 3373 3372 3371 3370 3369 3368 3367 3366 3365 3364 3363 3362 3361 3360 3359 3358 3357 3356 3355 3354 3353 3352 3351 3350 3349 3348 3347 3346 3345 3344 3343 3342 3341 3340 3339 3338 3337 3336 3335 3334 3333 3332 3331 3330 3329 3328 3327 3326 3325 3324 3323 3322 3321 3320 3319 3318 3317 3316 3315 3314 3313 3312 3311 3310 3309 3308 3307 3306 3305 3304 3303 3302 3301 3300 3299 3298 3297 3296 3295 3294 3293 3292 3291 3290 3289 3288 3287 3286 3285 3284 3283 3282 3281 3280 3279 3278 3277 3276 3275 3274 3273 3272 3271 3270 3269 3268 3267 3266 3265 3264 3263 3262 3261 3260 3259 3258 3257 3256 3255 3254 3253 3252 3251 3250 3249 3248 3247 3246 3245 3244 3243 3242 3241 3240 3239 3238 3237 3236 3235 3234 3233 3232 3231 3230 3229 3228 3227 3226 3225 3224 3223 3222 3221 3220 3219 3218 3217 3216 3215 3214 3213 3212 3211 3210 3209 3208 3207 3206 3205 3204 3203 3202 3201 3200 3199 3198 3197 3196 3195 3194 3193 3192 3191 3190 3189 3188 3187 3186 3185 3184 3183 3182 3181 3180 3179 3178 3177 3176 3175 3174 3173 3172 3171 3170 3169 3168 3167 3166 3165 3164 3163 3162 3161 3160 3159 3158 3157 3156 3155 3154 3153 3152 3151 3150 3149 3148 3147 3146 3145 3144 3143 3142 3141 3140 3139 3138 3137 3136 3135 3134 3133 3132 3131 3130 3129 3128 3127 3126 3125 3124 3123 3122 3121 3120 3119 3118 3117 3116 3115 3114 3113 3112 3111 3110 3109 3108 3107 3106 3105 3104 3103 3102 3101 3100 3099 3098 3097 3096 3095 3094 3093 3092 3091 3090 3089 3088 3087 3086 3085 3084 3083 3082 3081 3080 3079 3078 3077 3076 3075 3074 3073 3072 3071 3070 3069 3068 3067 3066 3065 3064 3063 3062 3061 3060 3059 3058 3057 3056 3055 3054 3053 3052 3051 3050 3049 3048 3047 3046 3045 3044 3043 3042 3041 3040 3039 3038 3037 3036 3035 3034 3033 3032 3031 3030 3029 3028 3027 3026 3025 3024 3023 3022 3021 3020 3019 3018 3017 3016 3015 3014 3013 3012 3011 3010 3009 3008 3007 3006 3005 3004 3003 3002 3001 3000
2000
1 2 3 4 5 6 7 8 9 10 11 12 13 14 15 16 17 18 19 20 21 22 23 24 25 26 27 28 29 30 31 32 33 34 35 36 37 38 39 40 41 42 43 44 45 46 47 48 49 50 51 52 53 54 55 56 57 58 59 60 61 62 63 64 65 66 67 68 69 70 71 72 73 74 75 76 77 78 79 80 81 82 83 84 85 86 87 88 89 90 91 92 93 94 95 96 97 98 99 100 101 102 103 104 105 106 107 108 109 110 111 112 113 114 115 116 117 118 119 120 121 122 123 124 125 126 127 128 129 130 131 132 133 134 135 136 137 138 139 140 141 142 143 144 145 146 147 148 149 150 151 152 153 154 155 156 157 158 159 160 161 162 163 164 165 166 167 168 169 170 171 172 173 174 175 176 177 178 179 180 181 182 183 184 185 186 187 188 189 190 191 192 193 194 195 196 197 198 199 200 201 202 203 204 205 206 207 208 209 210 211 212 213 214 215 216 217 218 219 220 221 222 223 224 225 226 227 228 229 230 231 232 233 234 235 236 237 238 239 240 241 242 243 244 245 246 247 248 249 250 251 252 253 254 255 256 257 258 259 260 261 262 263 264 265 266 267 268 269 270 271 272 273 274 275 276 277 278 279 280 281 282 283 284 285 286 287 288 289 290 291 292 293 294 295 296 297 298 299 300 301 302 303 304 305 306 307 308 309 310 311 312 313 314 315 316 317 318 319 320 321 322 323 324 325 326 327 328 329 330 331 332 333 334 335 336 337 338 339 340 341 342 343 344 345 346 347 348 349 350 351 352 353 354 355 356 357 358 359 360 361 362 363 364 365 366 367 368 369 370 371 372 373 374 375 376 377 378 379 380 381 382 383 384 385 386 387 388 389 390 391 392 393 394 395 396 397 398 399 400 401 402 403 404 405 406 407 408 409 410 411 412 413 414 415 416 417 418 419 420 421 422 423 424 425 426 427 428 429 430 431 432 433 434 435 436 437 438 439 440 441 442 443 444 445 446 447 448 449 450 451 452 453 454 455 456 457 458 459 460 461 462 463 464 465 466 467 468 469 470 471 472 473 474 475 476 477 478 479 480 481 482 483 484 485 486 487 488 489 490 491 492 493 494 495 496 497 498 499 500 501 502 503 504 505 506 507 508 509 510 511 512 513 514 515 516 517 518 519 520 521 522 523 524 525 526 527 528 529 530 531 532 533 534 535 536 537 538 539 540 541 542 543 544 545 546 547 548 549 550 551 552 553 554 555 556 557 558 559 560 561 562 563 564 565 566 567 568 569 570 571 572 573 574 575 576 577 578 579 580 581 582 583 584 585 586 587 588 589 590 591 592 593 594 595 596 597 598 599 600 601 602 603 604 605 606 607 608 609 610 611 612 613 614 615 616 617 618 619 620 621 622 623 624 625 626 627 628 629 630 631 632 633 634 635 636 637 638 639 640 641 642 643 644 645 646 647 648 649 650 651 652 653 654 655 656 657 658 659 660 661 662 663 664 665 666 667 668 669 670 671 672 673 674 675 676 677 678 679 680 681 682 683 684 685 686 687 688 689 690 691 692 693 694 695 696 697 698 699 700 701 702 703 704 705 706 707 708 709 710 711 712 713 714 715 716 717 718 719 720 721 722 723 724 725 726 727 728 729 730 731 732 733 734 735 736 737 738 739 740 741 742 743 744 745 746 747 748 749 750 751 752 753 754 755 756 757 758 759 760 761 762 763 764 765 766 767 768 769 770 771 772 773 774 775 776 777 778 779 780 781 782 783 784 785 786 787 788 789 790 791 792 793 794 795 796 797 798 799 800 801 802 803 804 805 806 807 808 809 810 811 812 813 814 815 816 817 818 819 820 821 822 823 824 825 826 827 828 829 830 831 832 833 834 835 836 837 838 839 840 841 842 843 844 845 846 847 848 849 850 851 852 853 854 855 856 857 858 859 860 861 862 863 864 865 866 867 868 869 870 871 872 873 874 875 876 877 878 879 880 881 882 883 884 885 886 887 888 889 890 891 892 893 894 895 896 897 898 899 900 901 902 903 904 905 906 907 908 909 910 911 912 913 914 915 916 917 918 919 920 921 922 923 924 925 926 927 928 929 930 931 932 933 934 935 936 937 938 939 940 941 942 943 944 945 946 947 948 949 950 951 952 953 954 955 956 957 958 959 960 961 962 963 964 965 966 967 968 969 970 971 972 973 974 975 976 977 978 979 980 981 982 983 984 985 986 987 988 989 990 991 992 993 994 995 996 997 998 999 1000 1001 1002 1003 1004 1005 1006 1007 1008 1009 1010 1011 1012 1013 1014 1015 1016 1017 1018 1019 1020 1021 1022 1023 1024 1025 1026 1027 1028 1029 1030 1031 1032 1033 1034 1035 1036 1037 1038 1039 1040 1041 1042 1043 1044 1045 1046 1047 1048 1049 1050 1051 1052 1053 1054 1055 1056 1057 1058 1059 1060 1061 1062 1063 1064 1065 1066 1067 1068 1069 1070 1071 1072 1073 1074 1075 1076 1077 1078 1079 1080 1081 1082 1083 1084 1085 1086 1087 1088 1089 1090 1091 1092 1093 1094 1095 1096 1097 1098 1099 1100 1101 1102 1103 1104 1105 1106 1107 1108 1109 1110 1111 1112 1113 1114 1115 1116 1117 1118 1119 1120 1121 1122 1123 1124 1125 1126 1127 1128 1129 1130 1131 1132 1133 1134 1135 1136 1137 1138 1139 1140 1141 1142 1143 1144 1145 1146 1147 1148 1149 1150 1151 1152 1153 1154 1155 1156 1157 1158 1159 1160 1161 1162 1163 1164 1165 1166 1167 1168 1169 1170 1171 1172 1173 1174 1175 1176 1177 1178 1179 1180 1181 1182 1183 1184 1185 1186 1187 1188 1189 1190 1191 1192 1193 1194 1195 1196 1197 1198 1199 1200 1201 1202 1203 1204 1205 1206 1207 1208 1209 1210 1211 1212 1213 1214 1215 1216 1217 1218 1219 1220 1221 1222 1223 1224 1225 1226 1227 1228 1229 1230 1231 1232 1233 1234 1235 1236 1237 1238 1239 1240 1241 1242 1243 1244 1245 1246 1247 1248 1249 1250 1251 1252 1253 1254 1255 1256 1257 1258 1259 1260 1261 1262 1263 1264 1265 1266 1267 1268 1269 1270 1271 1272 1273 1274 1275 1276 1277 1278 1279 1280 1281 1282 1283 1284 1285 1286 1287 1288 1289 1290 1291 1292 1293 1294 1295 1296 1297 1298 1299 1300 1301 1302 1303 1304 1305 1306 1307 1308 1309 1310 1311 1312 1313 1314 1315 1316 1317 1318 1319 1320 1321 1322 1323 1324 1325 1326 1327 1328 1329 1330 1331 1332 1333 1334 1335 1336 1337 1338 1339 1340 1341 1342 1343 1344 1345 1346 1347 1348 1349 1350 1351 1352 1353 1354 1355 1356 1357 1358 1359 1360 1361 1362 1363 1364 1365 1366 1367 1368 1369 1370 1371 1372 1373 1374 1375 1376 1377 1378 1379 1380 1381 1382 1383 1384 1385 1386 1387 1388 1389 1390 1391 1392 1393 1394 1395 1396 1397 1398 1399 1400 1401 1402 1403 1404 1405 1406 1407 1408 1409 1410 1411 1412 1413 1414 1415 1416 1417 1418 1419 1420 1421 1422 1423 1424 1425 1426 1427 1428 1429 1430 1431 1432 1433 1434 1435 1436 1437 1438 1439 1440 1441 1442 1443 1444 1445 1446 1447 1448 1449 1450 1451 1452 1453 1454 1455 1456 1457 1458 1459 1460 1461 1462 1463 1464 1465 1466 1467 1468 1469 1470 1471 1472 1473 1474 1475 1476 1477 1478 1479 1480 1481 1482 1483 1484 1485 1486 1487 1488 1489 1490 1491 1492 1493 1494 1495 1496 1497 1498 1499 1500 1501 1502 1503 1504 1505 1506 1507 1508 1509 1510 1511 1512 1513 1514 1515 1516 1517 1518 1519 1520 1521 1522 1523 1524 1525 1526 1527 1528 1529 1530 1531 1532 1533 1534 1535 1536 1537 1538 1539 1540 1541 1542 1543 1544 1545 1546 1547 1548 1549 1550 1551 1552 1553 1554 1555 1556 1557 1558 1559 1560 1561 1562 1563 1564 1565 1566 1567 1568 1569 1570 1571 1572 1573 1574 1575 1576 1577 1578 1579 1580 1581 1582 1583 1584 1585 1586 1587 1588 1589 1590 1591 1592 1593 1594 1595 1596 1597 1598 1599 1600 1601 1602 1603 1604 1605 1606 1607 1608 1609 1610 1611 1612 1613 1614 1615 1616 1617 1618 1619 1620 1621 1622 1623 1624 1625 1626 1627 1628 1629 1630 1631 1632 1633 1634 1635 1636 1637 1638 1639 1640 1641 1642 1643 1644 1645 1646 1647 1648 1649 1650 1651 1652 1653 1654 1655 1656 1657 1658 1659 1660 1661 1662 1663 1664 1665 1666 1667 1668 1669 1670 1671 1672 1673 1674 1675 1676 1677 1678 1679 1680 1681 1682 1683 1684 1685 1686 1687 1688 1689 1690 1691 1692 1693 1694 1695 1696 1697 1698 1699 1700 1701 1702 1703 1704 1705 1706 1707 1708 1709 1710 1711 1712 1713 1714 1715 1716 1717 1718 1719 1720 1721 1722 1723 1724 1725 1726 1727 1728 1729 1730 1731 1732 1733 1734 1735 1736 1737 1738 1739 1740 1741 1742 1743 1744 1745 1746 1747 1748 1749 1750 1751 1752 1753 1754 1755 1756 1757 1758 1759 1760 1761 1762 1763 1764 1765 1766 1767 1768 1769 1770 1771 1772 1773 1774 1775 1776 1777 1778 1779 1780 1781 1782 1783 1784 1785 1786 1787 1788 1789 1790 1791 1792 1793 1794 1795 1796 1797 1798 1799 1800 1801 1802 1803 1804 1805 1806 1807 1808 1809 1810 1811 1812 1813 1814 1815 1816 1817 1818 1819 1820 1821 1822 1823 1824 1825 1826 1827 1828 1829 1830 1831 1832 1833 1834 1835 1836 1837 1838 1839 1840 1841 1842 1843 1844 1845 1846 1847 1848 1849 1850 1851 1852 1853 1854 1855 1856 1857 1858 1859 1860 1861 1862 1863 1864 1865 1866 1867 1868 1869 1870 1871 1872 1873 1874 1875 1876 1877 1878 1879 1880 1881 1882 1883 1884 1885 1886 1887 1888 1889 1890 1891 1892 1893 1894 1895 1896 1897 1898 1899 1900 1901 1902 1903 1904 1905 1906 1907 1908 1909 1910 1911 1912 1913 1914 1915 1916 1917 1918 1919 1920 1921 1922 1923 1924 1925 1926 1927 1928 1929 1930 1931 1932 1933 1934 1935 1936 1937 1938 1939 1940 1941 1942 1943 1944 1945 1946 1947 1948 1949 1950 1951 1952 1953 1954 1955 1956 1957 1958 1959 1960 1961 1962 1963 1964 1965 1966 1967 1968 1969 1970 1971 1972 1973 1974 1975 1976 1977 1978 1979 1980 1981 1982 1983 1984 1985 1986 1987 1988 1989 1990 1991 1992 1993 1994 1995 1996 1997 1998 1999 2000
2000
1 3 5 7 9 11 13 15 17 19 21 23 25 27 29 31 33 35 37 39 41 43 45 47 49 51 53 55 57 59 61 63 65 67 69 71 73 75 77 79 81 83 85 87 89 91 93 95 97 99 101 103 105 107 109 111 113 115 117 119 121 123 125 127 129 131 133 135 137 139 141 143 145 147 149 151 153 155 157 159 161 163 165 167 169 171 173 175 177 179 181 183 185 187 189 191 193 195 197 199 201 203 205 207 209 211 213 215 217 219 221 223 225 227 229 231 233 235 237 239 241 243 245 247 249 251 253 255 257 259 261 263 265 267 269 271 273 275 277 279 281 283 285 287 289 291 293 295 297 299 301 303 305 307 309 311 313 315 317 319 321 323 325 327 329 331 333 335 337 339 341 343 345 347 349 351 353 355 357 359 361 363 365 367 369 371 373 375 377 379 381 383 385 387 389 391 393 395 397 399 401 403 405 407 409 411 413 415 417 419 421 423 425 427 429 431 433 435 437 439 441 443 445 447 449 451 453 455 457 459 461 463 465 467 469 471 473 475 477 479 481 483 485 487 489 491 493 495 497 499 501 503 505 507 509 511 513 515 517 519 521 523 525 527 529 531 533 535 537 539 541 543 545 547 549 551 553 555 557 559 561 563 565 567 569 571 573 575 577 579 581 583 585 587 589 591 593 595 597 599 601 603 605 607 609 611 613 615 617 619 621 623 625 627 629 631 633 635 637 639 641 643 645 647 649 651 653 655 657 659 661 663 665 667 669 671 673 675 677 679 681 683 685 687 689 691 693 695 697 699 701 703 705 707 709 711 713 715 717 719 721 723 725 727 729 731 733 735 737 739 741 743 745 747 749 751 753 755 757 759 761 763 765 767 769 771 773 775 777 779 781 783 785 787 789 791 793 795 797 799 801 803 805 807 809 811 813 815 817 819 821 823 825 827 829 831 833 835 837 839 841 843 845 847 849 851 853 855 857 859 861 863 865 867 869 871 873 875 877 879 881 883 885 887 889 891 893 895 897 899 901 903 905 907 909 911 913 915 917 919 921 923 925 927 929 931 933 935 937 939 941 943 945 947 949 951 953 955 957 959 961 963 965 967 969 971 973 975 977 979 981 983 985 987 989 991 993 995 997 999 1001 1003 1005 1007 1009 1011 1013 1015 1017 1019 1021 1023 1025 1027 1029 1031 1033 1035 1037 1039 1041 1043 1045 1047 1049 1051 1053 1055 1057 1059 1061 1063 1065 1067 1069 1071 1073 1075 1077 1079 1081 1083 1085 1087 1089 1091 1093 1095 1097 1099 1101 1103 1105 1107 1109 1111 1113 1115 1117 1119 1121 1123 1125 1127 1129 1131 1133 1135 1137 1139 1141 1143 1145 1147 1149 1151 1153 1155 1157 1159 1161 1163 1165 1167 1169 1171 1173 1175 1177 1179 1181 1183 1185 1187 1189 1191 1193 1195 1197 1199 1201 1203 1205 1207 1209 1211 1213 1215 1217 1219 1221 1223 1225 1227 1229 1231 1233 1235 1237 1239 1241 1243 1245 1247 1249 1251 1253 1255 1257 1259 1261 1263 1265 1267 1269 1271 1273 1275 1277 1279 1281 1283 1285 1287 1289 1291 1293 1295 1297 1299 1301 1303 1305 1307 1309 1311 1313 1315 1317 1319 1321 1323 1325 1327 1329 1331 1333 1335 1337 1339 1341 1343 1345 1347 1349 1351 1353 1355 1357 1359 1361 1363 1365 1367 1369 1371 1373 1375 1377 1379 1381 1383 1385 1387 1389 1391 1393 1395 1397 1399 1401 1403 1405 1407 1409 1411 1413 1415 1417 1419 1421 1423 1425 1427 1429 1431 1433 1435 1437 1439 1441 1443 1445 1447 1449 1451 1453 1455 1457 1459 1461 1463 1465 1467 1469 1471 1473 1475 1477 1479 1481 1483 1485 1487 1489 1491 1493 1495 1497 1499 1501 1503 1505 1507 1509 1511 1513 1515 1517 1519 1521 1523 1525 1527 1529 1531 1533 1535 1537 1539 1541 1543 1545 1547 1549 1551 1553 1555 1557 1559 1561 1563 1565 1567 1569 1571 1573 1575 1577 1579 1581 1583 1585 1587 1589 1591 1593 1595 1597 1599 1601 1603 1605 1607 1609 1611 1613 1615 1617 1619 1621 1623 1625 1627 1629 1631 1633 1635 1637 1639 1641 1643 1645 1647 1649 1651 1653 1655 1657 1659 1661 1663 1665 1667 1669 1671 1673 1675 1677 1679 1681 1683 1685 1687 1689 1691 1693 1695 1697 1699 1701 1703 1705 1707 1709 1711 1713 1715 1717 1719 1721 1723 1725 1727 1729 1731 1733 1735 1737 1739 1741 1743 1745 1747 1749 1751 1753 1755 1757 1759 1761 1763 1765 1767 1769 1771 1773 1775 1777 1779 1781 1783 1785 1787 1789 1791 1793 1795 1797 1799 1801 1803 1805 1807 1809 1811 1813 1815 1817 1819 1821 1823 1825 1827 1829 1831 1833 1835 1837 1839 1841 1843 1845 1847 1849 1851 1853 1855 1857 1859 1861 1863 1865 1867 1869 1871 1873 1875 1877 1879 1881 1883 1885 1887 1889 1891 1893 1895 1897 1899 1901 1903 1905 1907 1909 1911 1913 1915 1917 1919 1921 1923 1925 1927 1929 1931 1933 1935 1937 1939 1941 1943 1945 1947 1949 1951 1953 1955 1957 1959 1961 1963 1965 1967 1969 1971 1973 1975 1977 1979 1981 1983 1985 1987 1989 1991 1993 1995 1997 1999 2001 2003 2005 2007 2009 2011 2013 2015 2017 2019 2021 2023 2025 2027 2029 2031 2033 2035 2037 2039 2041 2043 2045 2047 2049 2051 2053 2055 2057 2059 2061 2063 2065 2067 2069 2071 2073 2075 2077 2079 2081 2083 2085 2087 2089 2091 2093 2095 2097 2099 2101 2103 2105 2107 2109 2111 2113 2115 2117 2119 2121 2123 2125 2127 2129 2131 2133 2135 2137 2139 2141 2143 2145 2147 2149 2151 2153 2155 2157 2159 2161 2163 2165 2167 2169 2171 2173 2175 2177 2179 2181 2183 2185 2187 2189 2191 2193 2195 2197 2199 2201 2203 2205 2207 2209 2211 2213 2215 2217 2219 2221 2223 2225 2227 2229 2231 2233 2235 2237 2239 2241 2243 2245 2247 2249 2251 2253 2255 2257 2259 2261 2263 2265 2267 2269 2271 2273 2275 2277 2279 2281 2283 2285 2287 2289 2291 2293 2295 2297 2299 2301 2303 2305 2307 2309 2311 2313 2315 2317 2319 2321 2323 2325 2327 2329 2331 2333 2335 2337 2339 2341 2343 2345 2347 2349 2351 2353 2355 2357 2359 2361 2363 2365 2367 2369 2371 2373 2375 2377 2379 2381 2383 2385 2387 2389 2391 2393 2395 2397 2399 2401 2403 2405 2407 2409 2411 2413 2415 2417 2419 2421 2423 2425 2427 2429 2431 2433 2435 2437 2439 2441 2443 2445 2447 2449 2451 2453 2455 2457 2459 2461 2463 2465 2467 2469 2471 2473 2475 2477 2479 2481 2483 2485 2487 2489 2491 2493 2495 2497 2499 2501 2503 2505 2507 2509 2511 2513 2515 2517 2519 2521 2523 2525 2527 2529 2531 2533 2535 2537 2539 2541 2543 2545 2547 2549 2551 2553 2555 2557 2559 2561 2563 2565 2567 2569 2571 2573 2575 2577 2579 2581 2583 2585 2587 2589 2591 2593 2595 2597 2599 2601 2603 2605 2607 2609 2611 2613 2615 2617 2619 2621 2623 2625 2627 2629 2631 2633 2635 2637 2639 2641 2643 2645 2647 2649 2651 2653 2655 2657 2659 2661 2663 2665 2667 2669 2671 2673 2675 2677 2679 2681 2683 2685 2687 2689 2691 2693 2695 2697 2699 2701 2703 2705 2707 2709 2711 2713 2715 2717 2719 2721 2723 2725 2727 2729 2731 2733 2735 2737 2739 2741 2743 2745 2747 2749 2751 2753 2755 2757 2759 2761 2763 2765 2767 2769 2771 2773 2775 2777 2779 2781 2783 2785 2787 2789 2791 2793 2795 2797 2799 2801 2803 2805 2807 2809 2811 2813 2815 2817 2819 2821 2823 2825 2827 2829 2831 2833 2835 2837 2839 2841 2843 2845 2847 2849 2851 2853 2855 2857 2859 2861 2863 2865 2867 2869 2871 2873 2875 2877 2879 2881 2883 2885 2887 2889 2891 2893 2895 2897 2899 2901 2903 2905 2907 2909 2911 2913 2915 2917 2919 2921 2923 2925 2927 2929 2931 2933 2935 2937 2939 2941 2943 2945 2947 2949 2951 2953 2955 2957 2959 2961 2963 2965 2967 2969 2971 2973 2975 2977 2979 2981 2983 2985 2987 2989 2991 2993 2995 2997 2999 3001 3003 3005 3007 3009 3011 3013 3015 3017 3019 3021 3023 3025 3027 3029 3031 3033 3035 3037 3039 3041 3043 3045 3047 3049 3051 3053 3055 3057 3059 3061 3063 3065 3067 3069 3071 3073 3075 3077 3079 3081 3083 3085 3087 3089 3091 3093 3095 3097 3099 3101 3103 3105 3107 3109 3111 3113 3115 3117 3119 3121 3123 3125 3127 3129 3131 3133 3135 3137 3139 3141 3143 3145 3147 3149 3151 3153 3155 3157 3159 3161 3163 3165 3167 3169 3171 3173 3175 3177 3179 3181 3183 3185 3187 3189 3191 3193 3195 3197 3199 3201 3203 3205 3207 3209 3211 3213 3215 3217 3219 3221 3223 3225 3227 3229 3231 3233 3235 3237 3239 3241 3243 3245 3247 3249 3251 3253 3255 3257 3259 3261 3263 3265 3267 3269 3271 3273 3275 3277 3279 3281 3283 3285 3287 3289 3291 3293 3295 3297 3299 3301 3303 3305 3307 3309 3311 3313 3315 3317 3319 3321 3323 3325 3327 3329 3331 3333 3335 3337 3339 3341 3343 3345 3347 3349 3351 3353 3355 3357 3359 3361 3363 3365 3367 3369 3371 3373 3375 3377 3379 3381 3383 3385 3387 3389 3391 3393 3395 3397 3399 3401 3403 3405 3407 3409 3411 3413 3415 3417 3419 3421 3423 3425 3427 3429 3431 3433 3435 3437 3439 3441 3443 3445 3447 3449 3451 3453 3455 3457 3459 3461 3463 3465 3467 3469 3471 3473 3475 3477 3479 3481 3483 3485 3487 3489 3491 3493 3495 3497 3499 3501 3503 3505 3507 3509 3511 3513 3515 3517 3519 3521 3523 3525 3527 3529 3531 3533 3535 3537 3539 3541 3543 3545 3547 3549 3551 3553 3555 3557 3559 3561 3563 3565 3567 3569 3571 3573 3575 3577 3579 3581 3583 3585 3587 3589 3591 3593 3595 3597 3599 3601 3603 3605 3607 3609 3611 3613 3615 3617 3619 3621 3623 3625 3627 3629 3631 3633 3635 3637 3639 3641 3643 3645 3647 3649 3651 3653 3655 3657 3659 3661 3663 3665 3667 3669 3671 3673 3675 3677 3679 3681 3683 3685 3687 3689 3691 3693 3695 3697 3699 3701 3703 3705 3707 3709 3711 3713 3715 3717 3719 3721 3723 3725 3727 3729 3731 3733 3735 3737 3739 3741 3743 3745 3747 3749 3751 3753 3755 3757 3759 3761 3763 3765 3767 3769 3771 3773 3775 3777 3779 3781 3783 3785 3787 3789 3791 3793 3795 3797 3799 3801 3803 3805 3807 3809 3811 3813 3815 3817 3819 3821 3823 3825 3827 3829 3831 3833 3835 3837 3839 3841 3843 3845 3847 3849 3851 3853 3855 3857 3859 3861 3863 3865 3867 3869 3871 3873 3875 3877 3879 3881 3883 3885 3887 3889 3891 3893 3895 3897 3899 3901 3903 3905 3907 3909 3911 3913 3915 3917 3919 3921 3923 3925 3927 3929 3931 3933 3935 3937 3939 3941 3943 3945 3947 3949 3951 3953 3955 3957 3959 3961 3963 3965 3967 3969 3971 3973 3975 3977 3979 3981 3983 3985 3987 3989 3991 3993 3995 3997 3999
2000
4531 2243 1267 121 2489 1527 2371 2892 3732 1768 690 4314 2460 4634 4892 3226 3865 1666 3161 1625 4262 3511 4455 1837 2522 4466 2127 366 4449 4861 3744 2931 4803 1698 4062 1205 3013 2193 2828 4068 936 2814 3074 1180 1447 4694 2112 505 733 2426 4842 4874 4059 614 1820 2351 4292 694 1804 3980 4335 2961 3325 1998 182 88 4560 766 3044 848 941 3568 835 59 1913 2433 3042 3351 2722 2374 2965 2012 4022 2630 2527 2651 945 3697 4804 2689 3278 2355 280 4581 3647 604 1120 2073 84 2694 2222 3671 3451 1878 3615 3035 2842 2491 2258 2038 1979 3845 2566 657 4316 4828 3002 4948 1639 3258 176 4787 241 4309 2529 1714 1028 1469 60 4712 3306 32 2552 4862 1690 701 4257 655 3907 4267 3977 2880 2517 3919 4653 973 4042 4856 3928 1223 3932 3405 4278 2546 3882 4312 2681 656 570 3581 2387 1366 1189 3574 2451 4019 3413 1488 1378 1397 3658 215 1935 2605 2977 3080 3595 1364 2059 316 2553 322 1643 1968 2436 3366 4527 3518 4290 1933 2724 697 1045 4480 988 4576 2473 1310 542 4669 4397 1727 3200 1303 4794 861 1916 1951 523 3104 3343 979 3937 3718 4782 408 2701 3421 4106 472 4928 2120 4832 1796 665 1565 2272 3517 4035 998 2028 4613 1635 1320 4933 1139 161 695 168 4504 1377 2877 4943 1520 1697 3962 4319 4976 260 174 450 710 4775 2453 4864 3812 3972 119 1576 1920 1557 4956 3863 1147 197 3407 636 4077 3556 31 3106 1331 1823 2286 1567 136 4946 4983 3472 453 992 4017 4696 2373 3015 1538 4294 118 2900 2483 2820 1132 802 1136 4452 4217 2582 2134 56 2033 2288 2747 4887 1005 3009 1217 4469 986 3532 3755 3809 1362 2728 4024 1663 4692 1865 4303 305 3164 4949 1445 4674 2472 4208 1146 4173 2708 4003 4572 4129 2442 4366 2030 1024 618 3344 2976 4656 4774 2256 2856 2058 205 1043 3711 1827 102 1778 2875 3262 3119 750 2440 346 293 2695 4554 4580 911 2490 2782 1770 93 1076 3596 1249 1018 1502 2835 3740 3404 1805 2108 1091 3151 646 186 3527 3592 2989 2563 146 2444 3369 2752 3037 3480 2335 4111 1911 2382 1491 833 2698 3803 4457 2304 3654 1872 3146 2888 4873 1482 2485 4947 1774 755 1618 4049 3585 1610 3321 4919 2936 1704 4525 880 342 1026 904 2509 996 2092 1993 896 1587 815 4338 4617 2555 1284 4660 1066 1677 4032 3 3839 3995 3036 4878 4046 4658 1264 4562 2786 3477 4293 3967 1341 2094 1179 617 3849 4671 1508 2197 997 530 3176 4753 3582 3145 1893 4493 3367 3730 1121 2117 4676 1534 4574 2998 4711 3126 3729 1897 1987 2372 2749 4789 2468 4575 2445 1884 1172 4746 278 1787 1330 742 4915 4599 4399 306 111 365 3911 4931 4442 235 112 4745 3240 3123 3629 4896 4944 4119 3623 3586 4194 574 2344 3317 3362 1242 4417 454 575 2757 1357 1702 529 3066 670 2874 1010 4491 2501 1699 4136 1140 4158 3076 4972 609 2240 3434 3006 2395 446 1606 886 3778 4512 3817 2739 449 824 3927 2154 900 3293 3447 3203 4213 1414 3652 2649 2635 4413 3692 2926 4978 3094 3152 363 4349 4113 1400 4465 857 2225 3364 2388 1472 3946 3544 221 693 4132 668 4883 852 1105 3339 4485 3140 1776 545 3766 1644 983 2209 2205 3085 103 2769 4202 3030 3681 3288 3333 2626 1894 263 3798 3661 3028 3485 3215 1620 1206 2461 3774 3583 2886 1995 4854 1751 2412 4535 2958 3484 367 4425 3424 651 3382 2837 142 2561 1647 3170 4611 2050 1385 734 3752 2848 3185 3696 3850 2736 2830 1070 474 149 4636 1046 1958 3901 3540 3593 1973 1237 4900 777 1829 1613 1001 3039 4999 1782 4677 3614 3470 3940 4372 2898 2992 4167 1458 2831 4083 3563 4371 4708 352 2748 19 2802 1691 2150 2933 3220 2827 165 4765 615 2393 1494 930 520 4496 2411 971 2520 2241 1171 1925 4171 2548 4910 4423 2285 4918 310 3361 776 1243 4520 3496 3653 2666 353 3630 350 3474 4142 1232 2113 2577 4622 4994 639 4369 1372 3939 2544 1946 2010 1376 2250 4650 3567 2310 3110 4784 952 4060 1937 4544 3745 3600 1562 4644 1816 2163 3754 1513 4559 2759 4897 4727 4451 1616 4722 3399 461 3666 1177 991 2688 13 947 978 4141 3606 3444 1118 1493 2762 635 3004 1061 1470 1707 865 851 780 2679 3508 2923 4144 447 1016 1694 2951 1089 2448 4089 2868 222 3268 929 464 18 688 3683 1604 4927 212 2362 233 1201 3956 2929 3352 3071 2493 3218 1371 1904 1280 1173 1655 782 1683 3153 1068 1426 426 1286 1057 1265 4064 3032 2341 2622 4323 3734 594 2634 4715 433 3657 2721 4376 49 649 2910 823 1435 3459 3931 2027 3303 3476 1011 4903 2160 1299 544 132 4421 3679 1087 3784 1980 961 231 117 2774 2062 589 599 3360 4383 3797 3775 3625 116 541 257 2612 965 4259 1489 4759 1277 3019 3638 4792 2438 2170 4602 3504 4834 2413 2042 3371 3655 1415 2999 2663 1269 3487 3132 3851 38 1454 4363 2903 1452 4515 3968 4884 2889 954 467 1142 2087 3237 2693 4109 1860 4269 1271 1905 3090 3133 3689 2909 2547 2148 4985 590 692 4920 315 3746 2090 972 4681 1651 3577 1786 4264 4779 3841 4445 588 4432 1259 1619 249 4325 758 841 2260 4221 4473 2386 3888 2865 2071 2174 1738 534 1877 4841 3073 2171 4916 2772 662 3892 1539 4203 3304 2940 3605 2099 781 4263 4037 2881 2210 1811 4816 4991 1798 4557 71 3260 384 3796 2836 3078 2720 1163 893 1348 4418 1323 480 4056 4420 4252 4138 527 3417 1930 3287 3558 764 559 52 4761 1342 3824 4168 4329 1119 2775 765 1155 967 2274 3656 3490 3051 2119 2675 2391 4833 473 3213 3886 2543 2824 4628 421 2343 122 1586 329 5 680 3191 2915 3209 1517 1134 3273 4192 4594 3811 770 3186 4954 2893 641 2783 1603 1266 3189 3573 4174 1927 1311 3873 3788 4899 284 4450 44 4185 4332 1847 25 3680 3872 3633 837 2481 4250 70 1626 912 344 3043 3549 1398 689 3539 2710 1902 85 321 2458 2723 1769 995 4186 557 560 78 237 3111 4315 2101 1071 4169 4785 4638 2181 1964 2422 3329 1019 4747 1261 1657 4287 425 2645 1188 1196 1982 279 610 3253 2366 3525 4786 4079 2294 1659 3422 2231 4005 4495 2928 4953 2812 795 2418 3063 3781 915 509 63 977 2955 1757 4134 4979 4358 1138 847 2813 2261 516 2616 1141 2863 1095 744 3134 3868 2593 1765 4829 3248 36 4603 228 2819 1235 1308 3869 3731 3876 3177 4379 870 2435 4328 4957 2586 3978 3171 1961 3055 4118 1593 187 2303 3449 3982 2109 1634 195 3389 274 4988 2403 3877 3332 3223 4911 3662 1335 2075 331 1700 3559 4851 2003 1388 4686 2048 2779 4606 2595 2317 4930 3799 4461 4691 3386 1808 3501 2060 4247 4529 3315 4698 2777 4837 2064 2133 4621 4577 307 2785 3056 1044 169 1996 910 2556 1197 262 2508 2846 2691 4211 730 1543 3494 2503 4808 3275 3706 3878 2056 4754 1014 3616 1492 399 2916 4555 2741 827 1462 771 4398 543 3830 1678 2676 97 2683 1515 2082 2001 2167 66 4200 2234 546 1710 3703 4743 2155 1839 1297 4088 2516 10 2135 2098 2350 3105 3129 1548 4963 4067 2147 3777 3838 1328 1988 3251 2611 160 4642 4188 4181 1062 1245 494 4648 1662 2322 1863 906 4380 292 4031 756 975 2018 1813 2040 133 1039 1891 3808 3801 1067 1801 3510 511 4777 4791 1779 1401 4890 3103 2443 2737 2459 4033 1950 926 2016 2964 2642 1851 2244 1260 592 4843 3368 767 901 2021 4034 4054 3969 4499 909 3263 3690 1448 4751 2957 654 485 2872 2887 914 4736 1318 3852 39 2375 2795 3359 1451 2499 2279 1033 2325 804 1049 1436 4460 1200 4377 2124 549 2661 1430 3737 1059 1735 2806 281 3688 436 3895 3026 2756 528 1246 2228 4273 2847 4373 521 637 3842 2545 1295 3099 1464 1444 740 3844 3806 2023 1416 2278 2348 1080 3579 1510 145 311 3244 2659 4487 663 4275 3396 27 3591 1753 1434 4023 4524 2707 1772 4646 1143 1182 64 4476 3136 2389 1374 2600 3210 3634 3246 2601 3513 360 987 1176 411 1230 1102 2045 463 477 444 2528 4133 1056 3848 3965 1981 4936 2638 4216 2714 2818 1340 3954 691 4193 2128 4733 2096 3749 890 3619 3776 3038 4810 2336 2526 4419 251 1752 1262 1892 4447 2069 1003 3092 4506 3712 1241 3347 3534 347 1617 2122 2271 457 246 885 4987 2475 4391 903 843 4204 2884 3884 1072 2334 1292 3750 3381 95 4863 2287 1550 2233 1940 3719 671 1962 1498 2477 4951 1532 751 4320 386 179 558 2557 1199 1866 513 2597 3491 2825 963 2993 994 722 3272 4539 2253 2345 4668 4085 4939 1720 1441 4839 2535 3910 459 1107 4470 339 177 458 3976 1216 4705 1974 20 1843 229 4888 2768 699 3395 2005 465 1281 1399 3552 3780 2039 658 1214 726 4284 3442 1737 1186 2657 3160 3097 3725 787 4149 230 3637 1093 273 4876 470 2981 4867 4172 3913 1832 2104 3918 1215 3109 4728 1709 2176 2182 948 2230 3672 711 3027 4341 3157 4850 2599 4045 3670 1079 4156 4907 3721 2428 1675 3694 4901 3864 1306 4853 2913 2466 916 1313 2781 4824 3309 3997 4827 933 358 4795 1359 4232 2654 3264 4950 2613 1244 3198 28 579 4932 3276 3984 2011 800 1002 4793 4757 962 1332 359 1038 2817 2648 3691 3613 1368 4700 4286 2983 2551 2949 1165 1703 1092 1406 4868 4588 2479 4274 2869 3663 3385 1881 34 3866 2744 1597 4087 2009 4790 1845 862 1392 2432 3096 4007 2316 67 1541 3733 1288 4122 2506 1231 3095 4070 4285 2313 512 1649 1629 4764 3415 4543 2668 3899 4370 2179 2141 2780 703 2745 769 1439 1305 3514 394 860 1999 236 2735 728 2282 3507 830 3506 2080 4684 4917 1926 2332 2700 3551 2202 3471 127 3528 2882 379 1117 3159 4155 1021 4809 3057 1719 2277 1000 3336 4227 2894 813 1861 4404 256 1485 2218 2118 1530 1559 289 4685 4344 4150 1817 3898 3904 61 1258 89 2843 4885 1213 3156 686 1734 1742 643 1457 2652 2455 114 373 2656 4086 2219 3122 2699 2199 3461 503 17 4076 3635 4163 3621 155 272 1504 1876 1369 4008 1846 4058 4497 4962 1127 1159 2065 2562 3427 3553 1824 313 3335 3973 4597 1450 4183 3312 2131 3603 3722 157 3660 1073 4585 3187 1705 3357 1687 327 2536 2549 1465 2890 2979 2004 2247 1468 2019 3612 531 709 1025 1500 4210 396 128 3758 4619 1521 2538 3014 2505 1572 3870 1324 1747 4587 3668 600 4716 3409 3192 173 1602 4093 1523 45 980 1417 3699 1708 320 2487 1287 678 452 1908 3144 3925 866 301 4730 2790 540 2140 2540 2246 2306 2927 4375 3500 811 239 1588 1547 1736 3726 1032 3715 2559 1298 4162 3560 3232 1040 3239 189 1247 1560 2787 3589 355 3934 4327 220 98 4018 3952 525 790 3025 2712 3402 3949 2730 269 47 1239 2821 4291 4428 2858 3034 565 4591 1302 3195 2249 151 35 4052 1509 4178 959 3270 4121 3594 1254 2307 772 3282 2970 4189 3983 1780 1411 3252 1731 2429 732 1431
2000
1763 4384 54 4406 1771 812 2674 1731 3640 3607 3788 1288 1637 4488 420 3886 662 1746 4016 2000 889 3882 1630 3168 3458 202 2258 3320 1723 4993 2420 4740 1711 3338 4428 4320 1006 956 3345 1646 4360 3923 939 4822 2304 3730 3167 181 4444 1357 1621 2610 3247 4727 2861 504 561 1458 411 3254 3057 2404 3614 4786 3844 1343 3326 2333 3520 4933 1360 3227 505 4249 1387 3821 2361 4521 4376 2149 2783 1679 4854 3517 3930 2293 2165 390 2153 1737 4705 2417 2324 4817 4422 3485 2633 2380 3127 3562 4924 384 3600 2868 3253 2298 2468 3702 3150 3369 3501 64 2210 322 4097 3773 2691 3546 3643 2811 2452 153 2778 4872 1416 2134 3153 3419 838 1136 1266 2125 1457 30 1854 4278 1529 3785 3282 3631 1596 716 4407 4021 1685 2814 831 245 3861 2640 509 4483 3778 2584 853 3901 2181 1304 1847 550 2250 4172 2274 4329 226 3171 935 3687 1131 3579 338 3379 2078 1546 210 3767 830 3373 1577 1756 1228 4709 4674 3328 2145 4378 3595 2383 1954 4550 4281 2598 2198 4764 4983 496 2681 3719 2369 728 337 885 4684 3531 3896 2541 364 3758 4820 3774 3941 4649 668 4502 2599 2292 3952 1168 779 3478 3967 1648 1792 2646 3887 1410 2619 3431 2939 3380 3045 3464 1701 602 436 4838 1138 942 4138 3763 107 1268 1872 2432 3836 3148 1123 1468 4063 3746 1054 3022 2856 3038 2949 1475 256 4702 3802 462 4124 2846 4852 75 2605 560 3413 1202 940 916 785 115 3550 3409 3521 4114 2414 1883 3372 3346 2319 2989 3610 2969 1184 4122 278 1086 4915 4090 946 4627 42 3123 1192 79 1451 1150 1543 2109 4283 2897 4581 2036 11 1290 1607 246 225 35 2483 2212 3024 799 1785 3012 2197 3597 4041 2180 3288 372 1135 3314 3854 646 2068 499 1480 4440 1665 1680 2534 458 3050 1046 2789 1564 4816 4471 2026 3146 206 3020 2892 1647 4075 652 3095 1139 4331 3753 3159 4014 2266 2967 3596 3736 1870 4412 2899 1936 4528 3118 1001 4203 3240 562 1340 4424 2858 71 4879 3849 1024 3468 60 3865 1032 4157 1258 4446 3064 2261 1485 2700 931 4776 19 223 3743 1408 2029 4722 969 407 3877 3280 3609 3937 3885 3859 4579 2492 3178 3904 4338 1945 3463 155 1710 184 4959 157 4261 1346 3510 152 4267 631 2784 1436 556 2917 4102 1944 2612 745 707 4091 137 1858 530 773 2186 681 729 2439 4773 4626 3509 2547 4069 1935 1784 1760 4450 2244 2475 2330 1493 195 136 4133 2837 4679 1614 2194 2859 2522 947 2263 2228 270 4612 2064 1426 757 399 1640 2935 1836 1851 2923 3449 3173 3725 2756 923 4497 4250 2236 4948 1959 1585 1835 2155 2971 4293 1609 3966 1227 313 2356 2577 469 3316 4191 920 2431 1940 334 4516 4224 2806 1864 4479 4631 2056 2440 3953 682 3700 2140 213 3740 948 1216 305 3656 3516 412 2663 3792 2341 2245 1927 4545 3487 2143 4242 2135 2096 1906 4067 1956 468 4072 4772 4746 1752 1663 2712 259 397 2721 1236 3147 1450 1176 3811 4997 851 2638 802 3585 2449 1807 1405 566 3257 1342 1689 1991 2364 443 1012 316 4570 3139 675 4784 222 2464 3352 1188 513 4799 1728 2512 1341 4640 2103 3099 4162 4833 3318 2425 3955 763 3477 917 4035 4755 4994 83 2907 3107 262 3542 1314 3021 3837 241 3514 1777 2033 4793 4971 2549 3584 695 4455 1667 424 2022 382 813 3583 964 163 3664 3722 2119 4870 4775 1400 2004 3873 3723 539 3023 634 3621 1204 4929 4803 836 4592 1393 1057 753 2823 3779 643 51 3264 1651 4332 2206 4101 4135 1488 4264 4265 4189 4564 4240 3132 4272 4648 1727 4321 113 4750 1278 4611 4996 4887 687 1691 2665 4904 9 2227 3846 4510 4181 3114 1315 4047 4945 2277 1495 2647 2764 3210 3608 2362 461 1831 2871 2634 3058 2683 1413 3615 2042 2005 1427 2678 219 4858 1213 43 735 292 2748 503 4670 3363 1627 3703 2297 4104 1515 3390 906 2281 4532 1421 3480 311 1212 2377 3342 40 895 4668 4520 310 2325 1462 1289 1497 1234 2742 1251 1339 1056 4111 3481 2451 4825 3425 3216 393 1257 1921 1295 1846 1169 743 818 3265 3473 4527 4425 2249 3395 4196 4661 2201 2874 740 1164 1770 335 186 933 4493 3283 2473 2202 567 2327 4673 1705 1717 3791 714 2826 2884 644 323 817 2847 4420 4216 4248 2161 264 4190 734 1580 103 2613 192 1537 731 50 2980 2497 1305 2962 1417 2877 736 2376 4553 1714 3177 4200 4935 3401 2943 3569 2597 1533 2240 1372 4404 484 3942 4012 3611 4760 1221 4513 2757 3241 897 2556 4810 701 4827 2371 1684 15 2968 2567 1137 2084 4517 1732 4419 3513 3438 2098 4885 2557 1879 4961 2715 4099 4836 1926 4754 3221 2992 4693 3164 90 3907 1453 1812 304 4403 4451 778 1344 3343 1636 665 3248 4226 4614 1832 770 4697 4616 328 1058 1975 1433 3806 4001 4234 1130 1208 4635 578 1544 198 4956 3486 271 1669 4955 325 2112 4688 2724 2001 2006 3798 2381 197 1008 2774 3103 1779 4095 1479 3830 4555 1919 1162 2775 265 1983 4243 4305 3586 1492 2239 2478 4650 2287 3444 1521 315 2408 3675 1781 220 3992 4449 3644 2553 4164 2233 428 2794 4288 4106 3695 4251 4143 1298 2141 1551 2040 2016 573 3448 425 1676 4235 1146 167 3080 1617 2627 1430 2973 3223 1062 4011 4356 41 3988 2430 1390 3008 1379 2906 2722 4353 4176 1697 529 4717 1397 4902 95 1005 804 3637 144 1961 4841 4543 3864 685 1713 4398 4880 4085 3476 1764 3454 450 4823 1514 387 4721 3018 2808 2486 4484 1171 480 2024 2406 4987 3566 1849 110 4548 3537 36 2441 523 1186 4405 2865 401 4078 1330 1951 751 34 4687 3105 3790 2551 27 1904 2767 3414 2093 3823 2911 2810 4022 1241 2588 1108 2465 4979 595 2953 3358 2254 4284 2296 2819 3471 766 3356 3737 4958 3219 2426 1973 3982 4749 857 2639 4590 1367 2445 3828 3482 1235 1553 873 3981 4275 1396 2587 2981 1893 4245 4580 3031 974 4205 2704 2563 2083 464 914 697 726 2879 4842 3968 2798 3224 1571 2572 2653 221 4622 2679 3290 4865 4259 1776 3997 4795 1579 524 4478 3895 1866 1259 162 388 2031 498 2855 4501 1619 151 921 2252 3384 3428 1957 3180 1966 1626 274 112 106 2750 3843 4952 1074 2085 2836 4767 2772 1114 4146 4602 4119 4629 1027 1839 2453 4605 1924 3009 2740 2603 3405 4295 1384 2488 875 2592 2506 375 1938 3197 2446 2223 1039 4302 788 2611 331 960 4747 2970 1528 666 1817 4312 2195 1141 4163 4618 415 1524 3135 3921 3804 4159 2 3769 430 2956 1158 4409 398 3061 733 242 4606 849 1809 2286 2345 2158 1364 3098 2216 3971 2565 987 380 1030 927 1800 3259 3235 26 3309 630 3751 2176 907 4821 330 1029 2217 704 3374 4490 3807 538 4210 2582 869 4575 4534 3654 3797 3829 3351 3577 4137 3214 2077 642 4663 1726 105 3564 1104 871 1473 3824 4729 3857 176 332 3926 4109 1696 3593 2301 3046 2895 2925 4507 2495 4287 2919 1972 3394 985 1661 446 4625 4707 1297 1868 1575 138 3591 3010 4009 3445 4268 298 886 1053 4783 2625 2758 4361 1829 3735 4073 1794 3062 2848 3693 1424 3078 232 3868 2214 1055 967 4652 4926 3319 2713 1517 2113 1678 148 2947 1934 3682 3931 1716 4792 599 3002 1555 3161 1863 3299 3657 2628 2928 4082 1292 1928 352 2699 4980 841 169 2251 2976 854 1064 815 3261 3862 2669 719 32 1805 489 308 3761 4160 1134 366 3894 421 1256 2960 2144 619 1948 3193 3679 2942 1420 281 2938 4748 1 2311 2390 1733 4547 4603 3189 1489 3212 1742 1068 2332 548 862 2259 3052 3515 2416 1674 1300 3332 2352 586 4218 2914 3815 3302 349 4436 1735 3620 1748 1484 3165 1198 2701 3726 1989 4068 1044 4561 3039 1652 4357 4832 2926 1997 4677 1634 2516 1990 1654 1329 356 386 633 1767 1127 641 1643 1597 4208 2779 3349 1018 3199 4098 3 1653 4851 4742 2136 4064 2034 2929 3377 2221 1801 1588 4130 4325 535 3812 4258 2456 1287 3727 4168 2225 1083 1569 2820 2728 2602 2342 190 4976 807 1352 2743 3042 2864 4286 1624 3646 4229 1075 2985 1348 1523 2476 160 796 3744 2643 4155 4074 3354 1608 2635 2987 1100 1031 3835 4762 590 2498 1857 1205 1249 200 4297 3974 2714 4968 2694 4892 1476 3277 149 1116 255 703 592 4814 3187 4269 4454 1511 750 1969 2986 2851 2875 1641 1803 1153 1161 2720 4462 2071 4840 1414 883 3883 3627 3969 1942 4868 3086 1286 1082 1477 2238 1041 4982 2302 601 1796 1967 88 3182 2745 1560 3547 2777 3536 248 805 2754 237 3540 2183 4345 78 2850 4798 1687 2151 1441 3691 463 794 1509 1487 2110 1974 1589 203 25 2094 102 3603 3874 2370 2822 1460 3491 1871 4212 4765 3957 2963 2114 3339 4048 31 3948 117 4087 2346 4008 1048 2510 3840 1045 3324 4811 2434 894 359 829 3321 2528 2791 2348 874 3183 4743 1409 2107 900 4094 2706 2977 3762 4890 4777 2849 438 3225 2570 565 4965 3300 1547 3311 2191 3186 1649 1882 3581 1755 845 3285 1554 3200 3818 2283 3137 611 4342 800 4005 4170 2787 4706 3260 1978 171 710 4043 3888 3683 3218 56 856 2832 2732 2163 4452 692 3108 4701 3594 1693 1639 3441 3423 4560 3898 3534 1423 4369 326 1463 2443 4525 912 3850 1587 172 4769 2932 3203 215 1470 3977 178 4113 1124 465 3890 3749 2544 3387 2998 672 249 4923 402 3965 3136 2097 3249 1981 3500 2990 2718 2387 3775 3678 2747 1077 1527 1884 2583 557 4839 4299 1215 2744 2725 3312 3538 488 1428 3959 2569 4466 4195 1768 217 2573 1908 3287 1782 2175 2818 4324 1964 4818 1016 2129 4864 4936 1558 1275 4382 317 1953 2485 283 3276 3436 677 2716 3462 3556 4222 1446 3738 3469 2218 3420 1600 1310 2018 125 1841 3386 696 512 2146 1549 324 705 4676 92 302 1980 772 3728 170 4802 2081 3295 4680 816 4364 423 2374 502 2354 976 3511 2519 2558 4604 1996 2667 3604 21 2360 4255 1885 1977 1912 3764 3605 1010 657 2050 4394 858 3492 1187 712 3294 173 229 4779 1539 3739 4025 3490 545 4118 810 104 478 1576 4052 33 2988 1378 1749 55 4931 4538 2051 3195 4144 3494 738 3524 3922 3138 1822 2636 4846 518 958 3310 3001 3622 1255 1736 3398 4292 702 4375 4637 632 1850 943 2269 3905 1403 2644 2474 4682 3017 3911 4173 3422 4467 94 2878 651 749 3956 4568 863 3204 3913 3673 2190 1254 4653 3782 2905 1878 164 4116 3924 741 3731 2768 1125 2323 1336 174 4336 3499 3651 3685 2082 1180 3166 1949 2487 3989 3889 1526 3067 3160 526 3474 3714 3771 4731 2357 3805 1327 1419 4662 3456 572 3674 3508 4441 4628 4600 4771 3696 4800 4675 1933 4340 4756 4411 3777 49 492 1845 243 2412 4225 3720 1237 814 1837 908 2382 1325 143 3284 2100 2220 583 2070 3472 238 4537 1132 214 4655 3796 909 3568 109 1415 344 2997 3348 2182 4147 3185 175 3624 1984 4219 1321 988 4522 1454
2000
1053 962 99 3821 2757 3235 3766 607 654 2653 1878 4702 4980 2767 849 1873 1705 4437 3698 3136 587 616 3051 4504 4445 2190 1100 2811 4109 4287 1700 2801 268 1961 1507 2329 3564 4066 1831 1224 2036 1650 152 923 2296 3845 281 3457 1835 2954 2491 3912 2216 2698 3805 3771 1724 1316 358 3733 721 3303 4616 2872 2736 1242 793 2305 2477 718 3445 2679 2471 365 2214 4966 2789 4116 2063 541 4822 1237 3646 3760 121 1384 1012 823 1721 1388 2170 1407 4855 4139 3073 2441 1510 2304 3251 2146 1512 1511 753 2572 3382 4882 1836 745 3784 2723 3839 2064 2243 3241 1935 2062 1217 3417 1064 2557 4496 2104 1440 4098 689 196 431 2204 3505 4317 3924 1024 1972 398 1370 762 1667 3815 2365 4446 2604 183 4108 2573 379 1285 2488 676 4153 4466 1885 3666 2975 1798 1329 866 4475 4217 400 1189 996 1722 51 2151 2069 3872 2673 4651 4179 2852 2219 2489 4767 2018 1097 3356 4439 4034 3183 4254 60 2711 2438 1241 2136 3487 3113 2598 3621 3068 4064 244 3846 4569 349 132 4900 4716 4200 726 205 2087 1986 2230 567 3393 2183 4214 4763 3132 3899 3078 1714 4860 2579 4402 4411 4559 1571 2094 6 1929 2623 3229 3907 3994 2497 3270 50 2000 1066 4811 3780 1161 3410 3776 1987 1812 228 181 2430 2968 1780 4221 822 4836 4159 4180 713 4092 4171 2302 2778 3929 1619 2675 3467 1561 1766 2696 968 2528 4812 3020 2396 314 887 2041 4901 504 2850 1424 3588 4022 1931 3340 1704 2776 1530 1436 1382 2291 4664 1905 1629 2128 2902 1396 3914 4204 2400 4681 1441 1735 4279 4262 4724 4541 2029 151 1689 661 4078 3718 4069 4125 771 1345 1793 276 2090 2938 1574 3531 2651 4493 4240 1471 1216 1393 77 2665 4629 1158 2 1003 261 1743 2537 2106 4889 53 1266 1681 1970 635 4875 306 4646 235 441 3873 2947 1563 4715 270 2352 3883 4477 4086 1125 4485 3127 2264 2150 1871 1971 253 1049 2207 116 2193 4798 4085 4482 154 622 1271 1757 1500 3601 2992 3684 1324 2358 2798 372 19 2748 4322 4958 3949 1094 490 2929 4575 777 4349 2591 3682 840 4895 732 2532 2742 4508 1213 4002 4619 450 4173 2172 3065 315 1814 1259 871 3460 4082 633 1484 4604 1000 3502 2464 1404 2339 3327 3128 1617 2167 1621 3785 4238 940 4748 4170 3349 3611 3886 2275 1991 3860 1994 3524 2267 4632 1806 4186 2964 4375 3133 2678 3134 919 1884 3969 4005 3135 1472 4019 329 3253 3677 4480 3624 2709 640 4650 2318 4500 1573 3033 4213 1369 303 1077 3894 1465 2027 2870 4226 2432 309 2534 3254 2294 572 1214 215 2783 146 1083 2199 3981 1951 2600 4794 4858 1860 1115 948 2131 3545 3476 2558 455 1334 838 658 3658 2583 1376 517 2529 3202 2740 573 3493 1675 4294 2986 4024 4965 2965 529 4760 860 1775 3214 2114 4387 1383 3983 1427 781 2779 161 1402 4592 824 2145 3245 2326 4866 4993 1250 1581 1554 3050 2333 296 584 4948 2592 1341 1725 3451 4926 4354 4583 2840 1820 1646 1509 1947 2463 1358 2395 1774 847 3600 291 1664 383 3474 4852 4975 925 880 987 4897 4520 1337 1881 3407 844 2425 4911 1344 4467 2714 1653 3956 4699 4206 231 1622 3103 2184 2859 3221 4880 9 1674 4151 25 888 186 3818 2731 2443 3868 4316 1610 4052 1211 2775 699 4363 142 3213 4746 4878 3947 4266 872 817 3236 3640 1219 2597 1673 339 3313 579 2752 4701 1534 427 1837 4175 3060 239 1276 4397 955 4806 4202 195 1451 4155 4831 4212 4829 3333 1805 4669 4947 106 1145 2522 3609 3736 2702 3189 78 2513 3595 2465 3703 2991 2015 1567 4576 2499 3982 4075 3433 857 742 4440 4472 4968 3139 2812 1391 4120 3490 1636 798 4894 4937 3831 4104 1303 787 1760 1016 4627 3321 3193 2407 2426 426 1332 1210 3834 4708 2165 465 2187 3689 1119 4642 2946 3399 1981 1652 2452 2110 4622 3072 1859 4764 4003 1425 3871 4970 1233 3165 3314 2807 3971 2890 2988 3884 3804 1392 714 2462 406 530 3 636 15 3941 3416 565 4656 3199 2213 3535 1889 3290 2734 4638 1591 2142 2118 3625 4749 1828 54 3803 4070 2209 848 2402 525 655 3219 4549 4720 3910 4561 2093 4804 3869 1193 415 3576 2754 3529 3345 1906 1203 1958 1098 1249 1575 1830 201 28 761 4917 3656 2070 4861 3153 413 2386 1669 4612 346 2821 1856 3259 4274 4381 983 2565 4067 4872 2470 4350 1539 4396 1729 2072 4538 3484 4491 1543 4571 1769 452 1688 3921 966 738 3526 4908 2484 1678 4607 591 3298 2622 2206 677 4874 2411 1723 3455 482 2223 2972 4040 3767 1953 1274 756 4033 1091 4961 500 3161 3353 258 4639 2620 3647 4248 2542 4232 870 1289 1663 2835 1868 1008 363 1456 3918 3066 150 1692 138 4156 219 2907 3034 605 2596 2525 1823 2198 623 749 557 1541 1882 4542 4314 698 4526 4938 1968 1014 444 1028 2959 4832 3272 1152 3541 1949 4023 1686 804 1540 1526 4251 3597 41 1079 2923 3892 2784 733 4949 4594 4203 3840 4335 1854 533 3480 2918 3631 3319 2796 1340 4676 1389 3022 4295 3635 476 585 2704 3426 1258 2948 3002 1311 4178 3115 3194 833 4243 4061 3903 4089 1171 3622 3754 910 893 621 524 2730 3025 4296 2369 3556 2882 2306 932 4562 1043 2173 1703 1176 4374 611 4981 953 1122 4031 3232 1963 2719 4361 2444 3070 3215 2158 1593 3920 4838 3440 1990 1665 2606 3343 3779 1822 3849 4415 2659 1480 3378 778 4756 937 3182 2455 3950 1365 952 4843 496 487 3906 2764 4245 3965 3517 1745 2249 3317 4614 2539 3672 2341 3224 3745 2594 4144 3283 1174 4825 3711 1517 3322 3791 2926 4864 1698 703 3655 4935 4110 3503 3094 1919 3527 1170 3231 2023 954 812 2998 4752 1552 4773 2866 1089 4972 2195 1750 4817 2220 1616 3037 65 4982 2749 3641 3690 1460 2242 628 3577 1655 1269 1647 3386 4578 988 1088 1733 1041 3962 3310 788 2013 805 4225 3446 4386 520 330 3012 2568 2652 3413 2403 4653 1414 2919 1114 1639 3080 2619 4324 895 3104 208 1989 3574 3552 1891 4339 4957 1290 4547 2977 3939 2255 96 2139 278 1293 4395 2642 4963 3679 10 2290 81 1978 3938 4586 430 442 666 298 2830 4368 1408 4557 1754 2577 4318 4754 2674 4196 4979 3262 4172 405 4800 2037 700 4053 4201 1403 3396 429 2197 4284 2960 79 3671 4984 1547 2503 3951 2747 4492 1555 586 1518 2423 2284 280 4113 4943 3277 2495 3995 1727 3726 4910 2282 207 4358 3145 1606 3838 1228 913 356 1035 764 135 2303 4438 4898 2134 4955 526 48 727 4644 4950 1084 2527 1712 1188 2414 4721 656 475 1950 695 1514 752 1181 396 2785 750 4160 1656 4310 2706 3358 3533 2945 3613 4046 4430 4272 233 2044 583 1310 902 4848 2512 1707 1728 2354 3669 4991 2828 2156 706 199 1755 4094 4380 2228 390 1792 4106 3482 3628 3052 832 3783 103 469 4035 4739 4959 3201 3449 2978 3808 4626 2908 1061 531 4790 2229 1545 1173 4132 2081 2524 901 1894 4398 1302 173 45 1855 2755 3036 3207 4422 354 944 257 2819 868 3137 3069 728 3418 198 4503 2028 4323 4753 747 459 3015 289 3477 3019 3309 4907 2694 4490 4457 1362 3743 1535 511 3008 2159 3848 3248 4280 95 1143 3593 4191 2519 2827 528 2761 1006 2133 3867 669 4844 3481 3750 678 1140 3618 3240 2116 3409 3473 801 3629 1330 1590 3268 3562 4055 4299 879 2351 1536 2121 4057 3806 2712 4044 2020 634 2599 1840 684 4599 4370 4045 1939 3952 4585 3862 4799 3984 2967 4761 926 4729 876 55 4941 2838 1461 3332 3563 1009 981 1782 3328 3729 3443 4728 4899 2832 218 1791 3342 936 1387 2152 1315 3110 2363 125 3412 4367 2469 653 1877 2030 1347 3598 3428 1265 4373 3567 1431 1887 3054 2892 3369 4079 2412 4169 2171 3093 2863 4574 3825 2768 4956 1941 1277 115 59 4006 552 1023 2280 3269 1495 2254 2643 163 2816 162 4197 389 274 4305 1256 4785 4778 1197 1974 82 3198 4436 1138 1222 829 4856 2958 3359 668 3504 2416 917 2278 790 3922 2217 42 3540 1861 2236 1167 2238 4876 1718 4076 1566 3525 2288 3329 3339 2612 4336 4036 1038 544 945 348 2177 4600 2404 979 1926 4100 4474 3542 3001 409 560 1473 3249 264 1300 4307 3205 3211 4992 4736 1254 2025 4928 2279 1093 859 3847 3365 2990 2922 412 2221 3772 1481 3934 2506 3534 3977 2235 4072 2639 1080 1979 11 3704 963 4091 2813 831 4624 3286 211 2460 3715 916 4890 213 2700 1739 4698 2825 2662 3997 4661 4234 22 2891 1559 2969 2756 3300 1371 185 3129 4376 3937 2726 3943 1839 4598 4904 2457 3355 909 1434 3744 4725 3519 4119 4523 1744 4842 3989 538 3032 385 2536 3360 3308 672 3372 3187 2323 2729 1771 1180 3660 120 1160 4971 1423 2941 3554 2056 3228 2661 1479 101 938 1025 1942 2717 4997 1875 4105 149 1450 2309 652 3735 2609 3850 1074 4443 3878 3434 1832 1163 2693 307 2123 665 1940 3082 3427 2440 815 2492 576 247 4303 1405 293 905 885 338 1797 877 2049 3570 73 4230 7 47 2127 4342 4263 4095 4499 4405 3398 2695 126 708 2111 4371 1503 858 4455 4974 4185 3976 4 3589 3056 2515 2321 4004 311 418 4331 4529 1058 1499 608 119 3842 4270 3788 4647 1149 462 76 3565 2875 1615 1011 4111 1142 84 4781 2751 399 4620 2997 4766 118 251 970 2624 26 1657 2383 2482 4146 4042 2738 2970 3238 2973 313 1070 2641 4219 3453 2566 4267 3603 4357 4058 4857 1151 4628 1490 4285 590 2520 2724 1685 2384 3636 3164 3653 537 1661 206 3972 2746 46 1319 3550 1148 4065 2615 671 4417 2901 863 2178 2353 4344 4071 4610 4544 2239 3266 3837 2950 454 4353 38 933 632 1537 3024 3468 322 4891 2917 1245 547 3575 1808 3654 3662 2292 2429 2227 3284 3158 973 1960 4088 4228 1879 3216 3876 443 167 4687 4741 300 1394 222 3746 4476 869 679 4513 818 3152 2781 4406 2548 2533 2837 4257 4412 2912 2266 2328 3452 1036 664 1640 1466 373 285 1448 1075 2578 4636 4845 683 4775 4824 1980 2660 3644 4805 4278 122 4743 345 3990 2562 374 2132 599 816 3979 4930 1803 2283 4410 2570 88 2068 1047 3166 570 4678 3802 2906 563 813 3946 1787 4414 2672 2137 1172 2631 4762 2149 994 2434 3753 1113 4726 4021 473 2350 1040 3909 4041 1730 1095 182 2759 1595 1433 2587 3667 723 4989 3169 255 3553 1845 2944 997 2287 1275 1909 375 1542 3916 881 2117 80 2174 760 52 4469 2203 2071 3528 4049 3366 3217 124 436 4934 3652 3699 1491 4854 2052 2602 4009 3830 3246 1314 393 1502 2418 4468 4796 245 485 1107 2026 102 4577 2038 2247 2670 602 4400 3936 1212 3548 4134 1494 141 1129 2313 2257 1648 3027 3130 3010 4637 1697 4249 1682 1762 362 3712 216 1548 2125 539 3928 2864 64 2893 775 2442 2664 129 1890 4862 675 1624 3594 3243 1185 619 690 4735 1778 4135 4518 440 4081 1488 1966 2181
2000
2613 4930 2926 4848 3427 1378 4329 1017 4132 4114 2522 1347 2708 3951 2772 843 3108 2103 4646 3549 3035 1499 1691 1321 4037 2287 500 4062 958 2320 390 4133 3669 1634 2812 1840 821 868 3978 1196 307 1007 4931 4627 2106 1565 267 1859 1433 2847 2032 1509 4882 4237 2162 2370 4689 3137 4885 698 1493 2986 4458 3175 279 2376 2861 4321 1039 2505 2441 1207 2699 586 6 328 253 756 2353 3068 1695 893 2824 1656 3288 1639 181 306 2497 2614 548 829 2591 1235 1904 1438 4628 3166 4212 4086 511 316 4273 2158 3349 2898 2665 395 1171 2974 1275 459 4798 1511 3525 1794 4962 2048 3332 4558 1436 4032 4253 364 1454 1249 2907 1475 804 3247 3140 2787 1177 413 2786 2729 3520 2630 3390 458 834 1786 3058 737 4120 3095 2757 4836 226 3507 16 3213 4496 4597 506 2261 2778 4156 3362 4411 985 174 2881 1824 3438 4235 198 9 4719 2297 2222 4604 467 4778 678 4776 2044 2927 3071 4344 1696 426 1672 2669 4813 4464 2061 3151 1868 3421 2807 3216 2194 1097 825 1900 1310 3705 1738 3017 2681 1415 406 2466 4552 3506 2538 1301 2272 2005 77 507 1875 4644 3262 4200 360 4736 4098 456 4444 1133 3731 527 3862 290 1258 20 70 2679 4843 4802 2507 1206 376 386 4750 4353 2991 2360 3994 1533 2785 4880 3315 2696 2129 419 1725 2650 4405 3859 1950 2854 2406 4904 2350 2527 3887 4367 598 710 4639 182 2402 3703 1300 1910 2400 4881 2883 1895 1969 214 411 4785 4987 4226 432 1885 61 2319 4729 4418 4495 223 3745 4001 1323 1990 1139 1595 3319 319 634 578 3064 1251 56 4588 2579 76 4151 1335 1544 3414 2323 652 514 662 3048 1556 4349 1079 4143 2530 1435 1473 3618 4004 934 114 988 818 4115 1849 705 2811 2219 1996 783 4296 2452 1280 3306 3715 4545 2200 127 4024 529 72 2758 4851 2245 281 2869 227 3331 121 3773 746 4358 2096 3022 1633 3103 4278 423 1530 158 3983 1431 3789 1802 4636 3484 1667 2490 1096 1236 3848 4855 996 4554 2518 443 113 1219 2397 4863 4293 463 470 2173 1679 3523 3328 2801 3238 1050 31 2231 3059 3757 2318 3364 2118 1287 4672 2189 2643 2169 1259 4795 3989 4961 1561 4869 998 4459 4476 747 2633 4280 3552 4396 177 2504 2416 2822 1025 2041 1564 3287 2296 4337 3632 277 2885 4914 4432 4886 3498 2265 2611 2620 2476 1135 1806 4374 2860 3275 2548 4078 3593 3425 846 4308 538 2840 972 2894 607 4840 4440 2492 3678 2740 3135 3979 4870 4828 971 869 3335 596 2659 764 2510 7 3389 2322 326 273 3361 4423 425 4658 353 995 540 3557 4620 4021 3378 2647 4626 464 896 2252 4518 2601 2050 3713 1958 2036 4048 4541 1874 2706 3407 2152 4803 3408 1646 487 466 2715 1921 4264 1290 3635 2572 1830 2383 2315 3019 3242 2690 2409 2167 2105 2014 2858 976 2187 2749 1448 1750 3437 4314 2382 853 1583 4663 4437 2472 4521 745 2164 3688 1517 2909 942 4403 4088 4698 148 2989 3776 999 4400 3706 4849 2306 1968 1205 4978 1281 3379 4767 1944 1479 1897 3152 2295 225 303 2116 933 1113 668 3141 327 2076 1953 404 1026 3263 1614 4149 2816 2233 930 1119 2369 3255 587 1540 2356 262 727 1185 4124 1648 304 2210 2892 610 894 1288 2745 3156 2260 4527 4846 4424 3931 2917 3011 3984 4413 874 68 1118 2054 3681 4313 4734 4499 4641 754 1898 1707 2179 3734 40 1623 1590 1687 4760 4066 285 1494 2047 3565 3716 902 245 4207 1559 4363 2343 510 4568 4841 807 3781 4543 3342 3136 117 860 2875 1860 4326 2965 856 4585 3841 4579 1714 134 2139 3610 37 1951 4026 3840 371 4999 2808 2138 2423 1083 1927 2352 2721 291 1828 1599 3181 3868 479 633 3737 3860 142 523 3666 38 3087 1903 4587 2975 929 1800 1681 4461 2836 4301 1253 1737 1628 1495 3991 2622 2491 2073 3784 260 1892 955 4801 3016 4591 1492 3304 1406 2015 4350 2569 10 4442 2410 3303 4787 3380 1508 4966 438 4879 1357 1541 4695 1978 4502 3007 4806 3765 1619 1488 4485 1780 188 2719 800 4082 4570 256 1871 2575 4467 2746 623 3323 3564 4513 4915 4013 1388 1812 2515 162 3955 4950 707 508 2003 1250 3810 1776 92 3385 1952 4694 4743 4945 543 2817 960 613 667 3974 1430 407 1116 4590 501 2963 3436 4130 4536 4173 2731 3050 631 1966 4960 4538 3579 3973 3005 614 2418 2191 3120 3990 1793 780 3883 3240 3020 2781 2508 2262 1064 473 1161 2107 3867 1757 4557 4992 3889 4092 2884 132 3649 2726 4393 1340 4701 2626 1826 744 1423 2417 311 1187 1384 3186 2478 4932 1546 322 3748 243 4906 1307 3399 4922 4964 239 1593 4662 4973 3629 3543 3699 654 3998 4248 4530 1842 1457 4563 925 1242 1740 1247 1496 2637 3952 2652 3354 862 4599 4508 3839 1031 3844 1577 1426 3693 3928 428 4725 802 1212 3462 3764 1315 4372 4968 4537 3063 1518 1130 2856 2648 3357 1371 1772 1289 938 3935 3431 4002 2293 4764 1387 4241 2434 1836 886 2672 1282 3027 2941 833 4057 3285 1792 2460 2228 1210 2424 617 4216 2910 191 729 228 3353 4290 238 4110 4637 828 3356 3960 1189 4453 2091 4009 4799 1484 1367 1271 2977 2564 300 2358 4687 3483 2391 3882 3207 566 3321 864 1756 1364 1870 877 3697 1302 451 3827 1726 474 3855 4650 650 768 1692 1547 1512 2018 3676 2236 2184 3802 3251 4283 4486 266 424 3074 4580 3256 1140 2803 4854 3856 2298 569 1928 881 3993 3203 4638 3583 3244 1992 2308 4952 4323 1455 3950 4834 2157 1523 2349 1866 2982 2893 1382 1645 584 1224 2477 193 3066 4247 3128 1487 4163 4042 2151 3102 1150 3481 1970 3885 1657 4491 973 1061 18 2177 733 1785 1053 1466 1762 1872 2766 2348 4548 4028 3829 2470 2355 3534 1770 4029 4211 4567 991 1403 4939 4102 237 1156 4150 2863 1051 3544 3902 1769 3271 1810 4379 1596 1985 1538 3556 3907 4342 4170 2919 4607 687 1775 4161 344 1470 1214 1704 2821 1506 863 1763 4094 3188 3770 4309 2482 78 1767 2632 4935 4898 2216 2916 129 356 1077 363 537 4697 2449 4484 3236 2075 774 2251 3917 4897 1912 3167 4179 1896 1594 2779 3522 4631 1572 4434 4788 3107 3224 1795 3690 4923 4369 409 3943 4706 2837 3505 4068 3037 293 4164 2305 4375 4826 1920 809 43 2655 2480 445 3847 4771 4244 558 247 2145 2413 4715 3938 4745 1035 1422 4844 4477 3548 3221 3496 2033 1965 2019 3696 241 2396 4782 1954 268 3866 565 3324 3477 2433 183 272 452 2204 3763 3911 4101 2961 1100 2929 30 4994 3742 3444 2992 3572 4712 439 1451 1834 4384 283 3707 1042 4192 3413 1890 576 468 3117 4911 1807 4772 2646 2286 2683 3967 2841 3220 4635 2825 1911 3196 1516 954 4184 3348 2012 2485 2895 3621 661 3143 4129 1240 4282 892 4392 1078 1983 1142 2128 392 715 1147 1263 3334 427 3752 908 3305 3130 3100 965 4210 2580 1569 1095 131 2163 1520 4220 3336 4154 2346 3550 1208 81 4900 1497 4755 625 4594 2057 232 4446 2374 2150 4373 1361 207 2148 1293 4449 1091 2815 365 3768 4489 2361 4006 3627 1664 140 948 4808 2278 3622 3977 355 280 4274 208 718 4820 2642 4087 4348 3093 1908 1184 4584 75 2966 1291 1111 475 4707 2871 2517 2831 4334 4049 3078 2097 1477 1112 2086 3418 944 2390 4318 4030 418 3687 3051 3843 4497 2709 1613 1961 837 3447 4733 1203 1999 4250 1566 1105 3891 4304 4059 3513 808 4506 125 4824 644 695 2035 1393 4990 4468 844 2414 4147 2153 4671 2711 4056 588 329 3760 4084 3755 2843 1230 887 1809 3082 4895 763 1522 3041 4257 1720 3212 1296 3524 4474 984 4564 1054 4022 3363 4043 2768 2592 3870 1861 1662 3612 2583 3139 480 3173 3338 951 2135 1971 3012 2678 95 1820 2987 2172 4814 1365 3208 491 739 1821 4222 1439 2213 1600 4546 3377 3232 3590 943 714 730 1169 330 3025 1261 4262 3851 1582 2170 3518 3759 1585 1630 3403 4723 1519 3266 165 2101 2671 922 2275 4421 2082 3596 3584 1982 1485 3491 3070 579 969 4399 1712 751 1295 798 4238 79 2027 361 3148 963 2125 1668 4958 477 3343 2951 1231 1589 3360 3077 3774 2741 1138 1376 1932 2605 3424 1483 3813 4853 2735 4258 57 4589 4872 3762 1425 4525 4735 3535 1313 1277 2990 3099 3121 1234 3373 264 580 939 3228 4234 3371 346 2020 3519 4412 3923 3346 3032 1228 1404 4601 836 2276 4967 3397 1043 1654 2314 640 4775 3448 2422 3795 2345 2882 4576 1510 1796 655 1886 2598 2196 1318 1446 3529 1513 1524 3746 906 36 2407 4067 2218 2451 3916 3023 1956 3615 1858 2438 3969 2733 284 401 542 4330 1016 4471 2547 2240 2867 255 2879 3340 1115 3797 2969 766 647 3042 2137 2848 2412 2058 765 827 82 176 172 848 4429 4452 716 2473 2094 2070 331 1120 4986 1682 1351 12 2890 1408 2268 4246 448 2864 546 4544 1420 1407 4668 1711 4214 2447 3502 4005 1555 455 4245 379 2385 4868 814 314 4284 1462 657 2428 2122 1183 1075 119 3509 4341 4016 441 483 8 4416 28 3929 1352 2670 3344 3854 758 1560 2104 676 2000 2937 4430 3925 1084 3441 217 250 2342 4231 4988 2940 3662 3428 3218 4368 3607 4837 2776 3147 1480 4919 1034 54 1151 1008 4299 2456 2962 564 4469 153 2462 4933 301 2668 1265 979 1167 2317 1226 286 1703 383 1873 4512 4569 3420 3052 3671 560 4195 2933 4807 946 4873 4708 3628 1916 3743 513 3118 4857 3871 2113 385 2710 3384 167 1535 3592 3089 602 2889 47 3459 4145 927 2859 84 2394 1465 2190 2130 1123 1746 2300 2065 2866 1616 2273 694 4621 728 4371 3097 4096 3657 3730 866 4867 2235 323 234 4677 4106 2253 3933 4912 2809 2943 3769 3129 635 2377 3605 4956 1774 1107 639 366 3809 2552 1023 45 947 2596 1641 1427 2727 913 1268 4190 1609 1246 2567 4816 2255 1791 2378 1907 1783 4224 3766 615 3873 1744 1734 3311 2651 709 3880 2695 2339 3308 3905 2405 3406 4555 3419 2458 2029 1502 1550 4335 203 3239 4955 3259 4219 244 23 907 1453 4462 3439 3003 2288 3571 3081 160 2108 99 4365 1057 554 3329 1292 2587 2593 3429 3670 1778 2083 4501 3717 1332 2736 3985 3405 205 720 4174 2661 975 282 3725 1333 2827 1816 2258 4989 4657 3711 2006 1748 1202 4426 4366 1342 4578 3467 585 787 493 2055 3351 795 3897 4027 1507 2595 1193 1531 2765 2340 3908 2716 1211 3083 1741 3826 4221 2331 2367 3726 3667 1924 3401 2117 2713 1843 4240 3416 4907 4407 4610 201 65 4100 4480 2640 4693 382 4622 2471 1602 3088 3673 166 3265 605 317 124 857 210 3888 2743 2062 4171 3850 3396 2384 2309 3485 2830 2995 4063 2046 3877 3962 4602 3 4033 2653 921 2149 711 1525 1622 679 4398 3098 1697 3852 3164 941 2573 4079 4951 2645 2938 2215 2042 3298 4272 2627 3069 2747 574 4197 157 2284 3620 4267 4754 2230 1881 2030 3939 2119 2550 4847 2363
2000
1370 3112 1712 2902 3232 4082 2178 4906 978 2898 290 4391 2794 3938 4832 1624 926 2504 3411 1763 376 4871 338 3637 3374 4148 1778 1834 749 3786 252 2782 3093 3269 3545 1492 2502 4858 1074 61 3168 1633 4615 902 156 1514 1629 4789 2031 1040 1494 4280 2786 2814 3865 4284 2433 3817 3022 3085 4103 4102 2626 2227 3949 901 2621 3265 2210 2149 3802 3195 3330 540 1399 4664 4567 2304 2076 1419 1504 4149 2765 1573 339 2419 648 2949 3850 1456 2733 4843 669 1829 3136 963 4705 389 3989 3080 3994 2744 4770 3047 569 3967 1681 3034 1870 2166 78 2406 4714 4433 980 1783 4828 751 4532 3625 714 4722 2492 3049 3165 2169 1543 3457 4045 259 3631 3225 4332 1329 3623 3501 2240 4335 303 838 314 3044 3640 4370 663 1213 29 3078 105 1404 1284 4386 1966 1577 4630 3300 987 809 1180 2017 380 3578 615 2661 4680 2417 1111 1566 1907 3063 3187 3701 1755 3677 4440 3108 2403 3316 108 4190 2534 2144 4345 4209 3298 3146 1363 4003 4822 887 3716 45 2467 1703 1993 4998 3462 1784 2320 1356 4150 1786 4349 1204 4785 1199 2840 1228 4621 562 498 451 945 718 4724 436 4072 985 4627 3061 1472 3388 4535 1657 2305 333 2866 541 4368 1175 1904 1943 4702 754 4282 2800 1967 4275 2544 1810 2388 1683 4133 1511 2926 356 3926 2342 3124 1952 3249 4793 4589 2959 71 4089 3638 4113 1770 2909 4788 1790 2437 1045 3134 2273 4538 474 145 512 2988 2616 1096 954 4720 298 1953 4620 4773 3574 4135 1191 4935 4324 1409 3592 1305 2690 3053 1041 1312 4344 192 4868 3682 654 3209 2878 4850 4518 1361 1295 4423 4584 1544 3876 2578 482 4539 255 1541 3382 4643 2600 2116 4516 3089 1744 494 3419 1617 2394 286 4219 1099 1970 4519 2385 3685 2627 4718 3256 1479 422 1667 4857 585 1978 1807 3579 116 883 425 2472 4886 4125 2205 1822 90 2662 133 4417 1408 2507 2088 2849 3568 4742 664 3815 3752 4106 1058 4645 3422 1154 4772 3550 194 1355 201 792 2033 2580 1434 2351 3359 219 1157 2527 2258 4463 4177 3856 1838 3751 763 471 1403 2013 4162 3691 4470 4682 922 1373 1788 3906 4593 1481 730 4232 3121 4487 2561 4840 3873 4716 1594 98 4490 3953 4205 4299 4114 3372 2895 848 281 3596 4126 1565 2456 365 2223 1422 3933 2450 4412 696 2713 819 1081 4123 1421 18 1673 64 4434 3106 533 139 808 2112 1155 1795 2836 1120 353 2766 4025 1238 1948 27 515 2261 715 2524 22 2987 3433 198 2517 938 457 2439 2157 2709 4847 3229 4746 4986 4361 1962 4159 390 2070 3789 2165 4451 3923 3077 310 705 2537 2358 2536 2687 4831 2738 1233 3731 3541 2418 1839 1779 2435 4875 1987 2361 162 4263 2970 4552 3829 226 3436 2123 3661 4904 151 2779 816 4663 4323 3650 1698 1340 3115 1761 2113 3046 2398 207 1555 4798 1538 1823 3522 6 1222 203 553 335 2877 3526 2761 589 2586 2460 3760 2722 1738 2577 4067 2839 3247 2132 2380 3244 2120 4869 2335 2173 1969 1756 4297 4264 2174 4709 3070 3629 2490 3237 2108 3120 4957 3598 2501 3036 2117 4211 3746 199 742 217 4581 1536 3775 3513 4729 2347 2208 1716 1637 4181 4261 2186 4966 1400 354 2045 3310 1610 4676 4094 3591 216 4964 2235 2908 1429 2487 1896 3888 130 3594 1416 301 2461 2756 2284 3059 3651 2748 4617 2266 4739 597 1362 4946 1148 3142 4435 2115 2947 632 4686 437 4879 4009 3546 2531 176 3528 1608 2705 2832 3204 282 4863 3336 3946 516 4585 4821 1205 3671 4466 3455 2762 371 2854 3722 3465 4195 3589 442 3463 244 2903 2875 2465 2589 2674 1095 3031 3693 2329 1116 3143 4896 3951 40 12 3396 4431 144 617 1031 1911 2228 2244 2455 1179 4483 4755 1664 2153 2941 3263 2545 2948 2699 3942 1407 4917 1357 2795 1019 1439 4601 3547 123 118 1267 4865 1728 2020 1223 1923 2886 2022 2111 3013 4095 4981 2529 1901 3064 1351 1048 2612 836 54 1654 4022 317 467 4338 2422 4278 385 4575 3697 2676 4234 4401 1194 529 982 602 326 1715 1455 2881 855 3211 1692 459 1339 1596 3238 1751 122 3097 4351 2543 3839 4039 2912 2095 1609 704 3497 4591 2044 989 2496 2958 3666 2510 2551 1197 746 2107 3139 3801 3369 4914 1159 249 3604 736 2270 3969 4482 3 1515 2773 1794 2856 907 3833 2802 381 1269 646 3633 2319 2610 3583 1325 1196 3554 2784 3304 1056 3585 432 4110 4834 2951 1308 4970 2956 4780 3848 4279 3155 2681 4712 2570 772 3734 1643 1020 2356 1117 2997 224 3413 3838 914 557 2818 4359 4239 2938 2345 4786 831 3181 351 4186 2464 41 4507 527 1209 1208 906 4764 322 4272 580 2090 3689 2037 447 435 1129 2624 404 3972 4027 4152 1160 1900 4383 3527 3255 1882 1773 4068 3534 860 2813 4389 3028 3518 4216 3414 2781 2771 1619 104 566 4972 4580 1815 4635 268 1288 884 700 4915 3032 250 4480 2943 3605 2864 4876 17 4652 2059 3111 4270 1771 3948 4738 2094 1581 1358 645 2740 2707 2797 1188 3908 3476 4347 2315 4626 1612 361 49 1742 3628 2042 1383 1884 3702 4665 1931 3375 1670 1662 109 3418 2665 1106 2360 4040 4553 3482 266 1397 421 445 2906 2462 241 3563 2706 4120 1684 291 1836 1754 3977 2478 1846 4146 3599 2557 4508 2774 4012 2651 4292 135 3450 3779 1022 4210 1227 1371 4495 1877 1430 4235 4156 2357 295 4259 1431 893 4288 1381 3000 2777 2979 3392 770 2230 2427 2952 4343 278 521 350 4425 1890 204 3508 1889 2643 3435 4141 149 2827 510 2451 4097 4497 231 4379 3094 1172 4573 3660 1418 842 699 4569 4725 2647 2700 1433 2806 4080 1958 2182 360 3141 74 4318 758 4813 3179 3893 412 717 4880 4696 1868 1558 3486 3558 4400 4469 364 1367 4256 129 2103 2238 4306 1038 4331 2350 4474 1353 427 2563 1152 678 1091 3930 358 1061 1134 363 4413 2677 3712 4250 2287 3009 2476 948 2990 4866 2005 3761 2592 642 2237 4111 1168 4836 1819 1464 811 1917 2395 3627 3642 3144 3172 4145 2780 2899 456 2248 3278 4767 3171 3156 525 386 3473 2231 2226 3966 4479 1328 4314 2850 4049 780 897 1161 1435 1076 905 878 1562 3426 4568 711 4498 1178 488 3812 3648 1646 2981 280 2200 1372 1465 3867 1501 4258 4307 3437 2126 4290 685 4136 761 520 2130 4367 2004 911 3471 837 3853 4583 1119 4265 4941 1693 4481 4928 251 4883 1885 362 1444 153 813 4533 4242 574 4426 1772 701 3740 4096 1447 3104 3261 2386 4992 4380 4093 1592 1166 872 2608 294 3565 4172 1999 1598 4803 248 53 3825 342 4134 2170 1858 2263 2162 1140 2438 2552 1996 644 3352 2656 1229 3617 3823 2539 2847 4595 2629 111 3222 4420 419 299 4889 977 47 3246 3126 180 146 1236 3206 1092 4091 4206 1635 1748 4753 2505 2930 500 4329 2889 4015 710 472 3644 830 2083 2253 3488 3358 3507 2152 3127 1036 1929 4031 1802 797 545 3556 3777 576 2892 159 2466 3909 4971 3699 4790 4502 2736 2026 495 653 4342 323 1144 59 1916 4300 1731 858 34 1658 3483 528 3033 526 4140 132 4873 3313 3871 4230 478 2051 4528 2338 4979 4942 1919 4243 3804 759 274 3744 1043 1483 33 1799 2644 3231 824 3726 2068 454 2581 2217 4671 3773 2746 603 2311 1828 1125 3927 4731 4629 1133 3408 4923 3782 4791 1016 4414 4016 955 1984 3378 8 499 4438 4101 1109 3810 1376 4624 1070 2421 166 4018 523 1291 937 4523 284 2396 2125 3021 1817 924 3688 2293 546 1945 2333 276 3440 1655 3101 4852 3479 1556 2546 4771 1198 2758 3038 3551 4800 3694 1275 2481 4436 4710 4453 3202 2812 4112 3918 3191 403 1443 4286 1888 4579 3523 2196 3902 2607 1450 3586 4558 359 4881 4660 4779 554 1880 4316 2089 3957 1595 943 2585 3290 1827 1560 232 394 1024 1679 1561 2077 1042 4761 331 4419 2279 1860 2292 2599 818 1902 1745 2300 4388 4797 2853 3041 3200 21 2411 3494 1028 4864 850 3932 396 1495 3122 124 1920 3416 719 4341 1599 614 4348 3729 3480 538 1897 1928 1256 1508 2992 3384 2834 744 4026 4944 3478 539 4685 2019 1994 1776 3027 2348 2869 916 3472 755 3201 2725 2791 3149 775 4977 4513 4897 976 2694 4688 4165 1303 771 3252 2308 1972 3169 379 1089 2870 3935 856 3837 4325 1507 181 4926 3584 2201 3612 4706 4812 595 4041 649 4637 1290 4820 3973 1630 2340 724 80 4459 3157 1130 374 799 347 3043 3468 952 213 4197 867 2430 450 777 3561 4255 4024 3451 933 2855 411 1855 2541 1921 2378 1992 2440 3944 3675 857 3657 1090 1881 1867 2632 2021 535 4105 690 3778 3066 258 1132 2919 4295 4618 3947 1072 4969 1401 2197 2649 4808 3014 2731 4364 522 1946 2630 2942 822 3268 2678 26 3669 2885 1192 3684 2195 4882 1933 1136 3531 4657 50 2277 1803 77 2404 1957 1926 3123 2769 584 2243 4237 2989 3643 1153 2809 3091 3133 3763 4830 1302 767 2143 1634 1607 155 4353 2686 3062 1903 2310 1398 2141 4252 2400 2073 13 170 2330 1591 189 4936 1128 3353 750 3540 4806 4614 4449 3924 3131 4053 2755 51 3922 3345 2158 4853 3995 3285 3335 1066 531 4952 2236 4561 3341 4741 2084 3320 4473 1068 3430 4653 3861 3827 1187 1710 3634 2336 3415 3818 658 1156 179 4647 4818 1713 2508 402 1062 679 1448 439 4108 1485 3912 4918 4529 2306 4073 2867 4980 3248 2039 1461 3987 1410 3010 3069 2874 637 722 4180 4396 2145 1432 296 87 256 230 1873 4084 4734 3289 628 1100 583 3515 2181 485 4251 3461 684 4439 79 1352 1046 3728 2798 1516 2443 4740 69 3869 1391 3832 3613 4467 4394 4841 4701 1247 3412 1124 1463 2129 2824 289 4648 1467 3175 1718 741 2373 3538 75 306 3410 4416 426 3431 3425 3852 1586 563 2542 3975 3068 1126 2658 1073 3281 2641 4315 102 4912 4304 1200 2121 4100 634 4287 423 2985 1406 1950 2256 235 2810 1171 1852 2453 1769 218 1071 2479 1165 2054 2474 92 3863 3016 4262 2408 4036 2075 387 4437 4430 2047 3441 3189 2014 4301 2254 2708 974 3315 2192 550 788 3794 4748 4151 1392 1413 1726 2294 3173 846 2470 1521 1631 1249 737 851 660 3914 3308 444 3525 4118 1951 4179 2206 3607 3004 3212 2858 2368 693 2535 2972 292 4860 4958 3952 1767 2923 4078 1189 1379 3449 3601 3845 1547 1078 2006 1875 2150 4715 620 1210 2882 1522 3137 621 1804 1181 4911 1217 4965 4527 930 731 3696 4240 592 3983 1147 3780 2838 2749 3572 4155 1597 2646 2312 2734 3258 1350 1385 2322 4222 4750 2503 1055 1449 973 369 384 3971 3216 4675 4457 2500 4 1293 3877 729 3008 4578 2796 3344 1311 4371 269 3334 577 1225 4184 3915 1732 4193 2269 1323 490 3129 3075 32 11 3807 2587 518 3198 4415 3898 1774 2982 2224 3536 548 57 4526 1282 1898 3733 1246 4223 4894 3806 1080 2767 4144 1202 624 3809 2704 3630 1918 2896 2848 3549 4910 2393 4890 2003 2498
2000
4443 1731 119 1175 3134 2703 4823 1071 1968 1779 3868 4711 2950 20 997 1850 3708 585 1107 3148 2798 38 1607 3055 2254 3325 3217 1473 2896 842 180 1224 4167 2059 2493 2384 572 3889 4108 4462 1971 1097 3628 4775 623 1520 4198 2104 2407 4279 3834 4568 3514 4583 3968 4601 1357 2585 816 2484 1898 4192 1163 3792 2690 1852 871 1431 1306 2079 2898 3795 1311 3449 3995 2466 837 588 1362 4497 1501 1055 2602 4086 3275 2424 3201 2519 1154 1626 4369 251 2359 912 4760 3548 441 3409 2791 397 4010 2380 4408 2415 2615 1103 4748 3408 783 2041 2710 1895 4862 701 2020 2911 2910 753 4116 3856 1141 4463 3752 4999 3147 1392 3536 1463 4305 911 486 1532 598 1432 2954 580 1249 3023 2228 790 3176 2793 364 4598 720 135 1144 4721 3874 1426 4535 2981 4337 2116 4436 2939 485 27 2511 705 2458 3558 3445 2396 2280 4148 2560 3966 3435 4809 3685 961 3565 2672 1379 3539 4049 1032 5 2547 2239 2207 4738 3080 1228 3746 1262 601 2160 3078 4976 1851 4850 945 2409 3183 539 3788 1246 1112 3070 590 2219 647 2805 2780 4687 4936 4282 4708 442 1687 2930 2678 1565 2118 2290 4331 4703 2976 2839 4931 2907 2221 2278 2450 2576 1859 3097 2658 4686 3083 2501 865 2507 3010 1030 3925 678 2196 1484 2019 3297 3047 2215 4513 1113 4361 3654 3987 2500 3480 4339 41 101 3038 2796 3556 1804 4246 4025 971 3366 4666 2505 1902 2031 4059 3808 4843 2069 3064 1701 4631 2536 4020 854 3270 2494 3563 504 4957 3259 925 1203 1277 42 2208 1230 1363 1356 1387 2873 3826 4628 3234 798 4156 2065 2836 250 2539 3350 3533 690 4238 3588 3906 4512 1866 1382 1788 1065 4056 1299 341 2937 4223 1717 2179 673 1132 653 1208 664 4166 4104 4761 363 3990 4808 944 2783 136 323 1864 1425 2989 787 1309 1990 4697 931 4865 896 604 1793 1212 3177 4658 1585 2592 4571 624 2292 3481 1215 1581 3927 4797 1768 671 951 482 4561 4191 4277 4573 2328 4466 2339 571 3996 1491 191 3640 1449 2473 2272 4643 2184 3561 754 4671 2573 40 4654 615 1152 2132 4414 2648 4044 1283 2224 1204 4855 677 3726 2893 4774 3424 2818 3114 1285 1670 1504 2773 2633 2887 1743 2789 1381 4975 2092 412 424 4308 2129 2394 3974 3430 1508 4950 876 2705 4395 1918 824 1128 743 2825 1148 1811 429 1518 4890 3088 299 4945 265 942 4327 1423 3372 3764 3757 4645 2139 80 1329 1996 472 3218 1696 3775 1125 2389 3459 3819 4736 2714 4889 4088 1649 2334 1281 2349 2205 3433 4664 1366 3604 1655 1081 3862 4902 3062 2929 4147 3553 1133 3208 1899 3605 4929 2808 7 1088 479 3432 388 4621 2222 2713 99 1646 814 3999 3921 2645 1276 4603 3797 4544 3815 3897 3348 1874 2876 694 3740 579 3013 2702 856 2127 411 1867 974 4471 2243 2586 1444 3260 497 593 3613 4669 4521 774 2165 249 2924 346 461 2053 2792 4578 1735 1863 1744 3043 4785 1834 2503 1693 4725 3136 844 1725 3215 3734 2548 3086 4119 3189 2912 990 1637 4035 4557 4274 4656 1933 142 421 3812 3730 2982 2358 3063 72 3989 4591 30 1451 3943 2311 3947 3621 1908 4487 4069 4747 4617 3458 4984 3651 4211 2664 2393 771 1454 4016 2467 1530 3888 3438 1130 2957 409 173 308 1084 4667 4581 1906 4734 4623 3933 1527 3702 4605 4979 318 710 4003 674 3848 1023 4749 4520 2044 4177 4893 4991 4258 208 4732 840 2779 2737 4805 2169 3282 1567 527 4702 3763 2850 3353 2803 1101 1261 1266 1835 6 1471 1301 2742 3470 3048 4197 3692 2815 4539 263 2525 2338 2769 3446 3416 4268 534 1938 2832 2661 2102 3447 3959 3065 587 4359 1401 1534 3421 2920 1259 3285 1199 1576 4378 4263 2757 968 2829 1014 954 1647 2203 2844 509 4422 228 3652 4898 221 1063 741 75 455 2469 83 4970 3279 4822 1667 3512 2674 3818 2921 1641 4440 702 190 4971 1467 4911 898 3885 160 881 1338 1319 4868 489 4704 3049 1303 3019 110 1833 3508 3799 3678 3739 4232 4398 3268 3733 642 59 964 1330 212 4839 2828 176 3230 3362 1842 440 121 2781 2790 4204 1521 317 285 1602 1683 1383 4869 1718 880 188 879 224 4272 22 356 2834 2958 4563 873 1536 1177 3942 1358 2168 2594 4665 953 878 4457 4594 4021 3393 4092 4706 1143 163 2521 888 4529 567 3571 1059 4859 4884 3182 1054 4942 2413 2571 2286 2163 2610 4253 3958 4245 3121 2377 444 4682 3762 3745 4145 3284 1941 3290 3929 2257 3981 3524 2382 253 4005 4798 3961 2156 4877 2848 2237 2085 755 2071 748 92 758 4432 3212 739 3837 3336 1920 2364 564 2345 1650 1861 648 3913 2419 4575 3241 500 825 3599 4793 3688 1591 1187 2186 2928 3935 2915 4854 4002 4216 526 3499 4067 2248 2626 4661 3549 2234 3146 901 2314 2058 4564 2619 962 4927 4483 4323 2489 503 4825 637 1805 1323 4153 123 2346 1994 1589 2787 2797 1695 1106 4319 354 2322 4276 1893 4655 3596 1959 2753 4082 3028 1746 1441 334 2657 1711 583 1512 3271 4653 610 4874 4660 4394 4586 2835 943 1364 3476 1624 3648 4849 2131 296 4904 3069 81 3704 394 3037 4763 801 3198 1622 2140 542 3071 1524 3916 2267 4203 1648 4610 1790 85 4115 4102 2557 4905 2748 4095 639 724 1633 2474 4892 4122 4412 4572 1062 2471 3213 4515 4306 1435 818 2606 2620 435 884 370 4186 458 660 2589 4998 2990 4906 3977 1605 3000 3330 1453 369 3376 3321 1526 3667 134 3820 3711 2601 1079 2318 765 1549 1108 34 2135 4360 3660 2363 3982 4828 3941 2609 3528 4781 3806 4582 4943 1993 331 3904 3264 4910 2042 384 2734 903 723 3315 3095 2671 257 4230 3884 1427 4838 3791 952 3394 3361 2197 2616 577 2926 1739 2842 2588 4040 4381 4320 460 1816 4963 3892 496 3444 4618 1018 1742 3882 2559 3572 3498 1910 195 1677 3298 3092 1140 205 3991 709 368 558 4098 2925 3486 1652 1008 4303 478 298 2225 4114 2995 102 4673 2583 2691 2918 3948 3538 44 3042 2504 4222 3978 3993 4194 2487 23 358 1198 1470 4693 1673 3744 4213 4552 3386 3931 1575 2428 3342 4404 1931 1978 2738 2535 3657 2439 2235 2919 2722 4418 2392 2708 392 576 1320 2050 2600 79 207 3001 1822 35 3029 4511 3521 2603 2331 2408 2465 1638 241 201 4860 2390 599 3719 4816 3783 986 535 4551 2295 2261 744 1869 3867 4710 2063 4183 4824 3531 2980 3033 4735 1349 4626 1119 2176 2190 1420 1016 3287 3737 1928 770 862 3894 3185 2498 2010 3141 4332 3466 1531 1571 1853 4831 4727 4496 1951 3370 2540 2605 3404 1403 448 4867 1001 87 3431 4777 1155 156 1493 2448 958 512 1690 4470 1628 4152 883 4229 3619 1782 114 161 1025 575 4120 779 4887 4137 2236 3590 4143 4886 650 4978 4184 1844 1240 333 3495 2312 1072 514 418 2720 446 3397 1052 2061 4362 1394 4138 2167 3456 2913 2527 1769 1927 1012 4542 4650 3940 4951 4428 4740 4599 309 736 21 550 2351 4632 827 3962 4182 1252 1131 3207 4712 2015 4616 4493 4240 2070 1661 1169 3712 4657 592 1146 3333 3058 1232 3777 1485 3494 4509 4634 4848 1318 4289 373 1243 3402 2316 2831 4257 1078 2266 1408 1750 1600 4439 4754 4679 239 863 2011 4982 2148 874 3467 2723 1560 4956 1584 3102 498 2181 3293 982 1482 3705 3434 2575 4517 1391 246 428 480 4895 4986 1494 1421 3440 3165 2946 1009 4737 4519 4733 4953 1321 4968 2218 2688 807 2072 1599 4219 50 983 4987 4022 367 628 1458 3214 3647 3210 545 4620 3173 1856 389 2656 1752 4083 2344 2306 287 3227 2864 633 1679 18 1963 1777 3976 2700 2432 1263 1723 2136 1598 3682 357 220 3292 2949 3410 4560 2541 4233 4093 3343 90 3411 3463 1651 3756 742 1161 4090 3824 3983 2646 4393 2858 3716 2859 3415 2689 3513 3017 3281 4688 1019 4852 3773 1264 1579 2581 19 1785 3663 1209 916 2232 3044 175 4530 4034 1545 4938 2333 773 1415 1254 4221 955 1100 383 4872 4933 4875 1958 1256 4498 716 2667 3917 1150 3804 4302 1738 3339 2959 2062 1258 4453 3861 3909 4473 2891 4297 714 3474 4678 3261 1730 683 13 352 465 4486 360 1190 454 1118 4937 890 3985 1917 3014 4565 48 3662 261 3700 3595 4057 425 3542 4494 4709 3057 2285 641 1799 1974 4579 3357 3841 2445 1371 2099 850 3784 1422 3087 1419 1158 1952 3488 947 784 2749 2430 1313 381 727 1517 1606 3246 927 3896 2028 775 4073 4267 1806 1935 3384 4753 1069 520 3839 2736 735 3156 1181 696 3822 645 1173 396 751 1639 4692 1618 1697 2562 525 3753 2087 300 2782 2480 1121 2476 2704 4058 1760 3932 649 4756 4355 1943 1773 4283 1755 3684 4615 2418 1213 2961 3144 843 1442 4814 49 4584 4778 831 3602 3673 2800 3179 63 3646 128 917 3677 192 3175 2174 3160 355 1948 4827 4196 3699 4389 2849 3796 2427 2158 2105 3151 1561 848 4714 3939 2119 4085 234 4266 1977 4762 3691 1668 3420 3858 380 2617 4629 71 2198 2716 4375 1840 4558 3671 4593 3915 1820 2251 1005 4974 3629 2479 963 2677 414 4813 1745 3793 752 4131 4101 1389 4962 2244 4041 4796 1233 210 4685 3781 3836 62 3390 1375 3803 3288 2057 1915 2996 855 1557 2673 3347 4608 2281 1704 797 2496 378 4150 211 3122 682 582 1388 1466 2614 726 606 2882 4476 325 2546 3283 2036 3516 3794 488 1332 2100 987 3876 1120 4595 3084 450 3728 4447 2635 2960 2784 2227 887 2329 4771 3622 2735 447 2138 3805 740 1010 2246 2597 316 684 4459 3178 2399 145 574 3096 1663 3900 689 3552 3767 839 866 2502 3239 4925 3149 2670 1216 1307 1465 2565 1488 1003 2574 402 3191 4500 1374 4856 4833 3617 4448 3807 3382 271 37 4419 4285 4048 4588 348 680 4980 1325 33 4526 477 1713 4837 1270 493 3442 2998 733 2319 1714 3681 686 4930 2807 4531 468 640 1890 1115 4909 4155 4946 2360 4187 4280 3109 1053 2570 1380 3980 401 1703 295 1688 481 3687 2970 3491 2342 290 1762 2247 2150 1761 2799 459 2580 2354 3723 778 3780 2817 4027 1452 2752 3853 3750 2282 2000 2809 4981 182 3890 3155 111 1509 4420 4009 3620 2697 4897 4128 3731 4652 1610 4912 906 4806 2002 78 1316 297 1196 280 4047 3768 1944 712 2724 548 3749 1339 782 2149 116 2245 3100 91 4474 4400 2537 3277 1658 3289 1983 2220 1801 687 508 891 655 2628 4967 1341 4291 959 4051 2 3707 3363 494 4681 467 2066 3223 2298 4619 2320 1269 1857 1077 436 3535 1732 3161 3120 1620 4705 4254 1937 214 2400 3873 2463 4646 366 1925 4562 3522 2621 4247 4770 4193 2862 4242 2701 307 2706 4176 957 2544 1578 766 1989 3506 4322 1998 1092 1193 3202 170 1376 2679 1726 4264 994 4606 4834 1601 4450 4454 3519 809 1142 1051 817 29 4934 335 1043 3517 4039 4532 3030 1378 4548 4107 1147 2966 2402 4345 1611 4133 4484 4589 2270 70 3329 4503 589 1854

